ID=G0063
URL=http://wwwmacho.mcmaster.ca/Results/LMC/LC_data.html
SIZE=76850
DATE=09/07/2002
TIME=16:15:48
DATASET=Astronomy
HTML=<HEAD>
<TITLE>LMC Event #1 Light Curve Data</TITLE>
</HEAD>
<BODY>
<P>
<pre>
! Star -79004:46356       database 658.842 version 1007.1      314 observations
#
#      RA  05 14 44.569   DEC  -68 48 00.22
#      notes: none
#      ccd coordinates: 1089.880, 1563.080
#
!   Date   ObsId     Lot OK Airmass   dxC35   dyC35   SodDate SodVers TmplVers      rMag   rErr  rType  rDSky  rChi2  rCrwd  rCosm  rMiss rSeeing  rSky  rTmpl      bMag   bErr  bType  bDSky  bChi2  bCrwd  bCosm  bMiss bSeeing  bSky  bTmpl   
 202.639     339   79004  1   0.000  170.76  145.71 -8036.000      63        0    -4.906  0.141      5     22     73     93      0      0   4.864  6512   2964    -4.643  0.195      5     62     87    100      0      0   5.212  3876   2964   
 205.803     416   79004  1   0.000  181.65  171.34 -8036.000      62        0    -4.878  0.132      5    -74     78    100      0      0   5.847  3720   2964    -4.680  0.139      5    -64     82    107      0      0   5.781  1769   2964   
 206.819     449   79004  1   0.000  178.75  174.69 -8036.000      62        0    -4.789  0.120      5    -35     77     87      0      0   4.980  4458   2964    -4.452  0.123      5    -60     78     91      0      0   4.732  1740   2964   
 210.822     529   79004  1   0.000  185.96  183.53 -8036.000      63        0    -5.007  9.999      5    116      0    255      0      0   7.776  6070   2964    -4.618  0.331      5    -73     77    129      0    163   7.903  1726   2964   
 212.681     644   79004  1   0.000  179.66  195.36 -8036.000      62        0    -5.010  9.999      5    112      0    255      0      0   8.264  3759   2964    -3.691  1.031      5    -54     82    132      0    186   8.557  1723   2964   
 218.786     773   79004  1   0.000  101.23   42.86 -8036.000      63        0    -4.726  0.109      5    -57     80     85      0      0   4.830  3454   2964    -4.395  0.120      5    -18     68     91      0    104   4.742  1474   2964   
 220.786     847   79004  1   0.000  110.93   55.33 -8036.000      63        0    -4.891  0.111      5    -27     68    100      0      0   5.233  3312   2964    -4.499  0.143      5     53     63    106      0      0   5.453  1831   2964   
 228.783     923   79004  1   0.000  186.54  114.51 -8036.000      63        0    -5.001  9.999      5    119      0    255      0      0   7.966  6248   2964       -99    -99 -32768 -32768 -32768 -32768 -32768 -32768   8.428  5068   2964   
 232.685    1028   79004  1   0.000  236.63  135.42 -8036.000      63        0    -4.957  0.061      5   -107     89     41      0      0   3.403  4491   2964    -4.385  0.092      5    -99     88     54      0      0   3.275  2696   2964   
 233.767    1084   79004  1   0.000  221.49  131.55 -8036.000      63        0    -4.901  0.078      5    -58     78     74      0      0   4.131  4173   2964    -4.510  0.092      5    -34     82     75      0      0   4.048  2160   2964   
 259.622    1102   79004  1   0.000   23.49   10.57 -8036.000      63        0    -4.729  0.096      1     84     75     73      0      0   4.524  5687   2964    -4.544  0.102      5     64     85     75      0      0   4.285  4102   2964   
 261.627    1105   79004  1   0.000    3.95   -9.70 -8036.000      63        0    -4.951  0.093     45    -46     73     94      0      0   4.925  3939   2964    -4.351  0.144      5    -86     76     98      0      0   4.996  2115   2964   
 262.594    1139   79004  1   0.000   -1.88   -0.97 -8036.000      63        0    -4.877  0.068      1      0     66     73      0      0   4.088  3319   2964    -4.445  0.100      5     27     82     81      0      0   4.252  2084   2964   
 264.658    1180   79004  1   0.000   23.70   -0.19 -8036.000      62        0    -4.809  0.198      5    -75     59    116      0    173   6.406  3512   2964    -4.338  0.282      5    -58     84    118      0      0   6.582  2334   2964   
 265.713    1202   79004  1   0.000   15.00  -23.86 -8036.000      63        0    -4.845  0.075     45    -92     68     84      0      0   4.193  3085   2964    -4.447  0.099      5      0     85     88      0      0   4.553  1650   2964   
 269.750    1225   79004  1   0.000   20.80  -17.36 -8036.000      63        0    -4.977  9.999     45    105      0    105      0      0   5.132  2590   2964    -4.311  0.136      5    -96     65    102      0      0   5.258  1314   2964   
 271.719    1238   79004  1   0.000   51.38  -17.06 -8036.000      63        0    -4.930  9.999     45    111      0    255      0      0   6.055  2550   2964    -4.087  0.250      5    -97     74    116      0      0   6.443  1388   2964   
 272.745    1271   79004  1   0.000   28.20  120.67 -8036.000      62        0    -4.938  0.063      5    -96     69     83      0      0   4.325  2850   2964    -4.434  0.085      5    -93     66     79      0      0   4.307  1507   2964   
 273.747    1284   79004  1   0.000   38.16  128.12 -8036.000      63        0    -4.821  0.106      5   -103     80     99      0      0   5.203  2942   2964    -4.232  0.161      5   -100     83     98      0      0   5.267  1591   2964   
 283.565    1304   79004  1   0.000  110.84   64.53 -8036.000      63        0    -4.857  0.123      5    -88     83     78      0      0   3.936 16215   2964    -4.440  0.240      5     72    108     86      0      0   4.231 19349   2964   
 284.551    1319   79004  1   0.000  112.62   55.50 -8036.000      63        0    -4.829  0.146      5   -101     97     72      0      0   4.044 17447   2964    -4.202  0.308      5    -57    107     76      0      0   3.941 18562   2964   
 285.436    1332   79004  1   0.000   99.70  -23.50 -8036.000      62        0    -4.968  0.066     41   -101     90     18      0      0   2.727 11725   2964    -4.582  0.101      1    -18     98     35      0      0   3.051  8137   2964   
 285.693    1365   79004  1   0.000   35.60  101.53 -8036.000      62        0    -4.794  0.062      5   -119     95     30      0      0   2.830  9566   2964    -4.388  0.097      5   -115    104     33      0      0   2.744  8784   2964   
 286.555    1374   79004  1   0.000   87.28   63.51 -8036.000      63        0    -4.991  0.069      1    -56     94     38      0      0   3.230 11479   2964    -4.212  0.139      5      0     95     43      0      0   3.005  9107   2964   
 291.736    1388   79004  1   0.000   -2.15  104.40 -8036.000      62        0    -5.082  0.094      5    -96     75     96      0      0   5.475  4009   2964    -4.586  0.150      5    -45     78    108      0      0   5.955  2023   2964   
 292.588    1399   79004  1   0.000  101.43   88.94 -8036.000      63        0    -3.864  0.680      5    -71     47    118      0    218   7.021  3017   2964    -4.257  0.337      5    -54     85    124      0      0   7.496  1748   2964   
 293.672    1438   79004  1   0.000  -48.78   50.66 -8036.000      62        0    -4.891  0.073      5   -105     69     91      0      0   4.553  2820   2964    -4.477  0.095      5    -95     61     90      0    162   4.557  1497   2964   
 293.751    1453   79004  1   0.000 -108.38   51.69 -8036.000      63        0       -99    -99 -32768 -32768 -32768 -32768 -32768 -32768   5.434  2957   2964    -4.505  0.134      5    -78     74    103      0    152   5.615  1668   2964   
 294.510    1460   79004  1   0.000   41.80   88.30 -8036.000      62        0    -4.974  0.054      1    -92     80     58      0      0   3.617  3758   2964    -4.504  0.079      5    -79     81     70      0      0   3.730  2244   2964   
 295.701    1506   79004  1   0.000   31.08   54.11 -8036.000      53        0    -4.952  0.042      5   -123     79     52      0      0   3.315  2931   2964    -4.220  0.071      5   -115     88     54      0      0   3.227  1578   2964   
 296.513    1522   79004  1   0.000  138.85   10.55 -8036.000      63        0    -4.836  0.056      1    -73     70     51      0      0   3.377  3584   2964    -4.360  0.077      1    -53     88     62      0      0   3.346  2054   2964   
 297.486    1573   79004  1   0.000  136.76   -8.93 -8036.000      62        0    -4.900  0.068     41    -75     77     62      0      0   3.532  4063   2964    -4.465  0.091      5    -97     80     71      0      0   3.518  2377   2964   
 300.713    1585   79004  1   0.000   25.74   47.46 -8036.000      63        0    -4.834  0.055      1    -99     69     61      0      0   3.460  3269   2964    -4.302  0.094      5    -88     84    255      0    212   3.290  1571   2964   
 304.453    1600   79004  1   0.000  131.14  -22.62 -8036.000      63        0    -4.834  0.154     45   -107     69     97      0      0   5.332  5805   2964    -4.442  0.204      5    -89     96    107      0      0   5.805  3309   2964   
 305.490    1666   79004  1   0.000  127.03    6.64 -8036.000      53        0    -4.926  0.059      1    -79     82     59      0      0   3.385  5174   2964    -4.545  0.086      5    -56     90     75      0      0   3.641  3749   2964   
 306.437    1716   79004  1   0.000  134.27  -21.90 -8036.000      53        0    -4.786  0.162     45   -138     74     96      0      0   4.615  7242   2964    -4.948  0.141      5   -128     97    103      0      0   5.103  5608   2964   
 306.451    1719   79004  1   0.000  133.71  -13.40 -8036.000      53        0    -4.982  0.106     45    -86     72     91      0      0   4.483  6689   2964    -4.558  0.161      5    -94     90     96      0      0   4.929  5324   2964   
 307.441    1782   79004  1   0.000  140.38  -25.55 -8036.000      53        0    -5.096  0.211     45   -118     92    115      0      0   6.345  9585   2964    -4.869  0.288      5   -109    102    120      0      0   6.964  7561   2964   
 308.439    1801   79004  1   0.000  138.07  -27.14 -8036.000      53        0    -5.028  0.108     45   -100     91     75      0      0   4.249 10196   2964    -3.816  0.363      5    -73     97     85      0      0   4.506  8998   2964   
 308.629    1838   79004  1   0.000   92.45   47.60 -8036.000      53        0    -4.975  0.048      1    -87     88     49      0      0   3.363  4510   2964    -4.371  0.107      5    -58     81    255      0    209   3.435  3763   2964   
 310.468    1873   79004  1   0.000    0.00    0.00 -8036.000      53        0       -99    -99 -32768 -32768 -32768 -32768 -32768 -32768   0.000     0      0    -3.524  2.532      5    111    117     82      0      0   4.226 25462   2964   
 310.593    1877   79004  1   0.000   96.73   50.94 -8036.000      53        0    -4.989  0.069      5   -118     92     63      0      0   3.459  8281   2964    -4.785  0.094      5   -115     99     63      0    124   3.487  8431   2964   
 310.749    1897   79004  1   0.000   -9.92   38.95 -8036.000      53        0    -4.956  0.075      1    -85     85     59      0      0   3.544 10268   2964    -4.493  0.097      5    -87     99     63      0      0   3.373  6369   2964   
 312.597    1902   79004  1   0.000   90.31   46.10 -8036.000      53        0    -4.589  0.433      5    -90     74    108      0    220   6.371 13722   2964    -4.636  0.355      5    -93     98    111      0    184   6.090 13151   2964   
 314.604    1928   79004  1   0.000   76.88   41.24 -8036.000      53        0    -4.676  0.290      5      0     87    106      0    164   5.527 15730   2964    -4.091  0.519      5     91    105    115      0      0   6.348 12085   2964   
 315.467    1955   79004  1   0.000  135.27   10.07 -8036.000      53        0    -5.120  0.070      1    -75     80     70      0      0   4.053  6843   2964    -4.549  0.108      5    -47     95     80      0      0   4.045  4223   2964   
 316.499    2016   79004  1   0.000  130.42   29.02 -8036.000      53        0    -4.966  0.074      5    -96     81     75      0      0   4.285  4735   2964    -4.348  0.121      5    -80     82     87      0      0   4.405  2648   2964   
 316.657    2042   79004  1   0.000   45.51   55.56 -8036.000      53        0    -4.754  0.110      5    -82     82     80      0      0   4.434  7861   2964    -4.492  0.136      5    -83     84     91      0      0   4.515  5647   2964   
 318.556    2060   79004  1   0.000   97.36   48.21 -8036.000      53        0    -4.928  0.118      5   -108     82     79      0      0   4.340  4136   2964    -4.602  0.156      5    -97     97     83      0    195   4.204  2496   2964   
 318.680    2086   79004  1   0.000   22.22   46.90 -8036.000      53        0    -4.931  0.079      5   -101     88     71      0      0   3.948  6144   2964    -3.799  0.250      5    -80     96     82      0    200   4.125  4053   2964   
 324.589    2097   79004  1   0.000   65.69   41.33 -8036.000      53        0    -4.458  0.391      5    -75     43    122      0    215   7.119  2918   2964    -4.308  0.280      5    -86     69    121      0      0   6.915  1567   2964   
 324.594    2098   79004  1   0.000   63.64   40.28 -8036.000      53        0    -4.983  9.999      5    113      0    255      0      0   7.517  2555   2964    -4.248  0.286      5    -72     75    124      0      0   7.272  1317   2964   
 324.718    2122   79004  1   0.000  -10.81   31.53 -8036.000      53        0    -4.949  9.999      5    116      0    255      0      0   6.539  2851   2964    -4.517  0.177      5    -82     73    117      0      0   6.620  1140   2964   
 325.643    2140   79004  1   0.000   33.77   49.44 -8036.000      53        0    -4.884  0.041      1    -89     74     54      0      0   3.305  2615   2964       -99    -99 -32768 -32768 -32768 -32768 -32768 -32768   0.000     0      0   
 326.493    2158   79004  1   0.000  112.25   36.96 -8036.000      53        0    -4.940  0.044      1    -99     77     51      0      0   3.274  3257   2964    -4.318  0.069      5    -78     83     52      0      0   3.216  1875   2964   
 341.643    2181   79004  1   0.000    9.84   56.50 -8036.000      53        0    -5.154  0.121      5    -95     89    102      0      0   5.405  9799   2964    -3.933  0.380      5    -54    104    105      0      0   5.696  7699   2964   
 342.478    2202   79004  1   0.000  103.01   76.12 -8036.000      43        0    -4.921  0.144      5   -123     93     83      0      0   4.449 15843   2964    -4.357  0.254      5   -115    102     90      0      0   4.618 13040   2964   
 342.617    2228   79004  1   0.000   30.83   77.21 -8036.000      53        0    -4.985  0.124      5   -115     93     83      0      0   4.325 15398   2964    -4.229  0.267      5   -106     99     87      0      0   4.642 13303   2964   
 342.722    2240  -79004  1   0.000  -60.57  123.37   478.249      53        0    -4.947  0.099      5    -89     92     67      0      0   3.859 13738   2964    -4.522  0.144     45   -109     75     60      0      0   3.613 13645   2964   
 343.473    2247   79004  1   0.000  102.45   74.44 -8036.000      43        0    -4.802  0.106      5    -91     88     63      0      0   3.865 12870   2964    -4.157  0.197      5    -92    112     73      0      0   3.840 10748   2964   
 343.596    2271   79004  1   0.000   26.44   80.71 -8036.000      43        0    -4.787  0.103      5   -123     93     58      0      0   3.588 13255   2964    -4.423  0.157      5   -115    104     74      0      0   3.845 11312   2964   
 343.734    2300  -79004  1   0.000  -66.30  117.12   474.296      43        0    -4.979  0.173      5      0    108     94      0      0   5.419 18976   2964    -3.925  0.377     45     33     92     93      0      0   5.165 16258   2964   
 344.694    2304   79004  1   0.000  -25.07   57.66 -8036.000      53        0    -4.876  0.102      1    112    100     72      0      0   3.728 13398   2964    -4.842  0.127      1    124     99     86      0      0   4.541 10570   2964   
 344.735    2310  -79004  1   0.000  -68.57  104.38   478.764      53        0    -4.991  0.077      1    -67     77     57      0      0   3.519 13635   2964    -4.549  0.108     41    -70    103     51      0      0   3.404 14678   2964   
 351.523    2318   79004  1   0.000   26.95   49.99 -8036.000      53        0    -5.009  0.107      5    -88     87     76      0      0   4.347  3922   2964    -4.405  0.155      5    -89     82     82      0    165   4.137  1879   2964   
 361.472    2332   79004  1   0.000   10.59  -34.21 -8036.000      53        0    -4.966  0.061      5   -119     67     81      0      0   4.395  2707   2964    -4.531  0.081      5   -125     72     79      0    193   4.147  1447   2964   
 361.496    2337   79004  1   0.000    0.86  -34.36 -8036.000      53        0    -4.895  0.063      5   -129     72     78      0      0   4.265  2508   2964    -4.413  0.087      5   -133     68     77      0    189   4.115  1376   2964   
 361.645    2356  -79004  1   0.000   49.61   66.80   478.196      53        0    -4.817  0.124      5    -73     67    111      0      0   6.160  2177   2964    -4.485  0.143      5    -76     64    110      0      0   6.054  1858   2964   
 362.502    2374   79004  1   0.000  -23.85  -45.10 -8036.000      43        0    -4.889  0.046      1    -95     70     58      0      0   3.651  2682   2964    -4.296  0.072      5    -25     78     67      0      0   3.925  1179   2964   
 362.621    2399   79004  1   0.000  -81.54  -52.53 -8036.000      43        0       -99    -99 -32768 -32768 -32768 -32768 -32768 -32768   3.604  2430   2964    -4.240  0.059      5    -96     80     57      0      0   3.353  1020   2964   
 362.691    2406  -79004  1   0.000   34.80   48.09   475.118      43        0    -4.925  0.042      1    -62     83     57      0     96   3.551  2536   2964    -4.622  0.042      1    -69     86     42      0      0   3.315  1867   2964   
 364.486    2415   79004  1   0.000   25.57  -23.38 -8036.000      43        0    -4.902  0.036     41   -110     76     27      0      0   2.742  3911   2964    -4.491  0.083      1    -83    101     28      0      0   2.717  9615   2964   
 364.614    2440   79004  1   0.000  -40.87  -39.74 -8036.000      43        0    -4.970  0.054      5   -104     77     77      0      0   4.136  2496   2964    -4.585  0.068      5    -97     78     84      0      0   4.026  1720   2964   
 364.664    2446  -79004  1   0.000    4.73   48.24   474.885      43        0    -4.985  0.033      1    -85     87     46      0      0   3.082  2657   2964    -4.556  0.039      1    -88     87     34      0      0   2.886  2044   2964   
 365.478    2465   79004  1   0.000   11.76  -33.10 -8036.000      53        0    -4.968  0.056      5   -117     79     67      0      0   3.856  4399   2964    -4.762  0.144      5   -100     91    255      0    203   4.042  9596   2964   
 365.616    2492   79004  1   0.000  -56.19  -42.95 -8036.000      53        0    -4.940  0.068      5   -109     74     88      0      0   4.755  2289   2964    -4.592  0.163      5    -86     82    100      0      0   4.745  7588   2964   
 365.669    2499  -79004  1   0.000    4.42   43.88   461.381      53        0    -4.905  0.068      5    -54     69     76      0    210   4.380  2226   2964    -4.552  0.071      5    -46     74     80      0      0   4.280  1935   2964   
 366.501    2518   79004  1   0.000   19.70   85.88 -8036.000      53        0    -4.817  0.069      5   -106     84     73      0      0   3.908  4714   2964    -4.503  0.157      5    -81     96     84      0      0   4.096  9806   2964   
 366.607    2541   79004  1   0.000  -28.78   75.85 -8036.000      43        0    -5.099  0.076      5   -101     90     77      0      0   3.807  3180   2964    -4.516  0.224      5    -79     94     71      0      0   3.791  8592   2964   
 372.511    2548   79004  1   0.000   18.32   52.60 -8036.000      43        0    -4.666  0.210      5    -97    108     95      0      0   4.938 19486   2964    -4.696  0.266      5    -68    110    101      0    116   5.187 21440   2964   
 373.448    2553   79004  1   0.000   47.76   57.84 -8036.000      43        0    -4.886  0.058      1   -107     86     48      0      0   3.167  8272   2964    -4.623  0.085      5    -90     93     55      0      0   3.217  8542   2964   
 373.562    2577   79004  1   0.000  -14.38   47.57 -8036.000      43        0    -4.915  0.063      5   -111     94     44      0      0   3.197 10508   2964    -4.625  0.128      5    -95     94    255      0    208   3.394 11898   2964   
 375.450    2614   79004  1   0.000   41.16   56.06 -8036.000      43        0    -4.968  0.041      1    -98     68     61      0      0   3.389  3080   2964    -4.593  0.058      1    -86     74     63      0      0   3.528  2182   2964   
 375.560    2637   79004  1   0.000  -16.26   43.77 -8036.000      43        0    -4.960  0.048      1    -95     87     45      0      0   3.287  5649   2964    -4.594  0.080      1    -76     86     52      0    126   3.270  6846   2964   
 375.683    2660  -79004  1   0.000   24.48    5.52   459.936      43        0    -4.929  0.079      5    -60     82     69      0      0   4.274  6731   2964    -4.163  0.175      5    -10     85     72      0      0   4.196 10198   2964   
 377.464    2682   79004  1   0.000   33.70   50.24 -8036.000      43        0    -4.880  0.080      5    -89     69     91      0      0   4.785  2704   2964    -4.353  0.136      5    -46     63    103      0    158   5.170  1858   2964   
 377.643    2717  -79004  1   0.000   27.48   23.58   465.334      43        0    -4.713  0.513      5     95     99     70      0      0   4.263 15258   2964    -2.319  -4350      5    -68    100     76      0      0   4.259 12762   2964   
 378.453    2732   79004  1   0.000   31.88   51.20 -8036.000      43        0    -4.910  0.043      1    -53     75     49      0      0   3.374  3613   2964    -4.591  0.054      1    -45     86     57     58    112   3.368  2058   2964   
 378.645    2769  -79004  1   0.000   23.17   14.62   464.537      43        0    -5.003  0.071      1      0     70     80      0      0   4.397  4892   2964    -4.598  0.089      5    -36     73     80      0      0   4.391  3984   2964   
 379.451    2794   79004  1   0.000   31.03   54.77 -8036.000      43        0    -5.015  0.043      1    -57     77     56      0      0   3.598  3116   2964    -4.595  0.070      1     30     74     75      0      0   3.947  2190   2964   
 380.546    2813   79004  1   0.000  -14.44   42.98 -8036.000      43        0    -4.860  0.122      5    -48     77     99      0      0   5.534  3191   2964    -4.718  0.127      5    -81     71    101      0    140   5.344  2229   2964   
 380.638    2827  -79004  1   0.000   27.18   10.12   464.107      43        0    -4.998  0.059      1    -81     70     61      0      0   3.765  3938   2964    -4.471  0.076      5    -83     78     65      0      0   3.697  2750   2964   
 381.444    2842   79004  1   0.000   38.18   52.14 -8036.000      43        0    -4.948  0.038      1    -91     80     48      0      0   2.936  3405   2964    -4.627  0.055      1      0     70     53      0     73   3.177  2479   2964   
 383.459    2849   79004  1   0.000   23.40   50.83 -8036.000      43        0    -4.961  0.033      1    -78     80     40      0      0   2.990  2745   2964    -4.539  0.048      1    -62     83     50      0    107   2.970  1993   2964   
 383.644    2884  -79004  1   0.000   24.13    9.36   464.541      43        0    -4.971  0.065      5    -37     65     90      0      0   4.765  1833   2964    -4.642  0.087      5    -30     71     95      0      0   5.031  1591   2964   
 384.454    2909   79004  1   0.000   27.07   48.48 -8036.000      43        0    -4.972  0.129      5    -71     81    100      0      0   5.018  5075   2964    -4.473  0.233      5    -64     76    102      0    184   5.349  3666   2964   
 384.621    2933  -79004  1   0.000   21.66   11.00   464.897      43        0    -4.928  0.062      1    -48     79     54      0      0   3.331  3120   2964    -4.638  0.072      1    -58    109     47     89     66   3.240  2303   2964   
 387.534    2951   79004  1   0.000   -7.37   56.66 -8036.000      43        0    -5.036  0.074      1    -78     96     51      0      0   3.174  3259   2964       -99    -99 -32768 -32768 -32768 -32768 -32768 -32768   0.000     0      0   
 387.625    2964  -79004  1   0.000   18.00    0.02   468.355      43        0    -4.997  0.029      1     21     83     32      0      0   2.999  1782   2964    -4.645  0.032      1    -13     90     18      0      0   2.757  1583   2964   
 388.623    2992  -79004  1   0.000   19.78    3.08   467.432      43        0    -4.676  0.163      5     -7     78    111      0      0   6.104  2440   2964       -99    -99 -32768 -32768 -32768 -32768 -32768 -32768   0.000     0      0   
 391.628    2997  -79004  1   0.000    7.92  -12.45   466.898      43        0    -5.002  0.221      5    -74     86    108      0      0   5.968  1979   2964    -3.260  1.050      5     -1     87    109      0      0   6.144  1765   2964   
 391.761    3019  -79004  1   0.000   48.32  -34.53   467.060      43        0    -5.053  0.258      5     39     86    121      0      0   7.519 11470   2964    -3.923  0.627      5     67     87    124      0      0   7.696  7093   2964   
 392.448    3022   79004  1   0.000   78.60   90.52 -8036.000      43        0    -4.983  0.033      1   -103    101     16      0      0   2.562  4972   2964    -4.544  0.045      1    -72     88     30      0      0   2.778  2446   2964   
 392.579    3047  -79004  1   0.000    8.08  -16.76   468.300      43        0    -4.900  0.047      1    -83     64     55      0      0   3.548  3079   2964    -4.580  0.049      1    -82     88     60      0      0   3.482  1874   2964   
 393.452    3087   79004  1   0.000   37.35  101.90 -8036.000      43        0    -4.962  0.062      1    -59     66     82      0      0   4.224  3406   2964    -4.555  0.097      5     29     68     90      0      0   4.667  2227   2964   
 393.607    3108  -79004  1   0.000   -4.16  -59.84   467.647      43        0    -4.979  0.047      5    -89     66     71      0      0   4.021  1987   2964       -99    -99 -32768 -32768 -32768 -32768 -32768 -32768   0.000     0      0   
 395.467    3142   79004  1   0.000   64.19  111.01 -8036.000      43        0    -4.967  0.037      1    -61     87     49      0      0   3.036  3837   2964    -4.567  0.054      1    -15     79     44      0      0   3.022  3075   2964   
 395.605    3167  -79004  1   0.000  -40.57  -70.50   467.298      43        0    -4.900  0.035      1    -54     78     36      0      0   3.114  2304   2964    -4.633  0.035      1    -88     98     27      0      0   2.900  1775   2964   
 397.540    3200   79004  1   0.000   38.90  115.57 -8036.000      43        0    -5.024  0.088      5   -103     87     89      0      0   4.739  5326   2964    -4.678  0.127      5    -92     90     94      0      0   4.928  4333   2964   
 397.722    3235  -79004  1   0.000  -21.80 -123.38   468.420      43        0    -4.873  0.090      5      0     62    102      0      0   5.385  1855   2964    -4.441  0.114      5     11     66     91      0      0   5.200  1783   2964   
 398.457    3249   79004  1   0.000   68.16  110.86 -8036.000      43        0    -5.089  0.064      1    -18     82     72      0      0   3.539  8338   2964    -4.644  0.101      1      0     86     74      0      0   3.751  6880   2964   
 398.598    3272  -79004  1   0.000  -44.63  -71.33   467.783      43        0    -5.004  0.044      1    -71     75     34      0      0   3.205  5739   2964    -4.573  0.059      1    -68     81     34      0      0   3.060  5416   2964   
 401.449    3312   79004  1   0.000  112.68    1.87 -8036.000      43        0    -4.859  0.154      5    -97     95     90      0      0   4.992 12423   2964    -4.894  0.215      5     60    104    106      0      0   5.749 15447   2964   
 401.766    3324  -79004  1   0.000    1.30 -157.33   470.381      43        0    -4.939  0.481      5    -58    116    108      0    155   6.288 50496   2964    -5.031  0.369      5    -82    115    114      0      0   6.885 30905   2964   
 402.480    3332   79004  1   0.000   62.74  137.25 -8036.000      43        0    -4.990  0.064      1     81     82     60      0      0   3.637  9866   2964    -4.534  0.117      1     68    103     64      0      0   3.417 14575   2964   
 402.517    3338  -79004  1   0.000  -45.95  -68.94   471.218      43        0    -5.084  0.056      1    -85     89     47      0      0   3.343 10586   2964    -4.401  0.123      5    -99    100     43      0      0   3.192 18602   2964   
 402.695    3365  -79004  1   0.000  -41.39 -160.51   470.340      43        0    -5.107  0.096      1     96     88     84      0      0   4.409 14927   2964    -4.607  0.186      5     89    104     80      0      0   4.337 26883   2964   
 406.449    3374   79004  1   0.000   37.20   55.85 -8036.000      43        0    -5.019  0.056      5    -85     61     77      0      0   4.327  2788   2964    -4.706  0.077      5    -56     68     89      0      0   4.588  1995   2964   
 408.470    3397   79004  1   0.000   41.13   58.66 -8036.000      43        0    -5.012  0.108      5   -105     62    108      0    176   5.713  2475   2964    -4.436  0.176      5    -66     76    112      0      0   6.291  1783   2964   
 409.446    3403   79004  1   0.000   51.19   50.18 -8036.000      43        0    -5.078  0.064      5   -114     83     85      0      0   4.665  2731   2964    -4.633  0.102      5    -90     81     98      0    161   5.013  1936   2964   
 409.563    3425  -79004  1   0.000   18.04   32.81   470.468      43        0    -5.028  0.089      5    -79     72     95      0      0   5.243  2671   2964    -4.610  0.111      5    -87     77     97      0      0   5.164  2155   2964   
 411.495    3488   79004  1   0.000    2.09    1.54 -8036.000      43        0    -5.075  0.065      1    -82     91     41      0      0   2.950  2859   2964    -4.740  0.094      1    -64     88     52      0      0   3.077  2127   2964   
 412.573    3493  -79004  1   0.000   58.38   64.20   470.746      43        0    -5.223  0.051      1      0     67     90      0      0   4.787  2227   2964    -4.711  0.067      5    -66     64     85      0      0   4.529  1695   2964   
 413.652    3503  -79004  1   0.000   38.80   38.84   470.672      43        0    -5.206  0.096      5    -82     54    111      0    180   5.735  2648   2964    -4.535  0.169      5     55     64    115      0      0   6.425  2010   2964   
 414.431    3531   79004  1   0.000    3.50   11.96 -8036.000      43        0    -5.139  0.035      1    -67     75     61      0      0   3.438  2730   2964    -4.783  0.055      1      0     65     72      0      0   3.973  1822   2964   
 414.662    3572  -79004  1   0.000   43.64   56.24   471.181      43        0    -5.238  0.042      1     31     85     65      0      0   4.018  2734   2964    -4.691  0.058      1      8     71     67      0      0   3.743  2422   2964   
 417.492    3594   79004  1   0.000   33.55   -2.71 -8036.000      53        0    -5.273  0.038      1   -100     65     69      0      0   3.973  2561   2964    -4.766  0.067      1    -70     61     84      0      0   4.288  1606   2964   
 417.694    3610  -79004  1   0.000   38.44   82.01   463.980      53        0    -5.371  0.586      5    -93    102    102      0      0   5.856  4379   2964    -5.808  0.390      5   -106    100    105      0      0   5.983  4371   2964   
 418.635    3617  -79004  1   0.000   18.87   78.08   464.761      53        0    -5.573  0.327      5    -26     89     88      0      0   4.400  3518   2964    -4.588  0.739      5     78     88     91      0      0   4.470  2757   2964   
 419.451    3621  -79004  1   0.000   11.39   75.55   465.120      53        0    -5.343  0.029      1    -93     72     54      0      0   3.489  2690   2964    -4.917  0.041      1    -49     80     73      0      0   3.789  1989   2964   
 420.448    3685   79004  1   0.000   49.82    1.32 -8036.000      53        0    -5.386  0.021      1    -85    101     26      0      0   2.760  2576   2964    -5.015  0.030      1    -62     82     47      0      0   2.921  1915   2964   
 420.549    3703  -79004  1   0.000   15.74   69.42   460.231      53        0    -5.409  0.041      1    -50     68     84      0      0   4.360  2474   2964    -5.030  0.052      1    -56     69     86      0      0   4.340  2140   2964   
 421.458    3751   79004  1   0.000   40.26   -6.11 -8036.000      53        0    -5.439  0.051      1     -7     63     98      0      0   5.115  2342   2964    -4.940  0.092      5     64     64    108      0      0   5.721  1514   2964   
 421.613    3764  -79004  1   0.000   10.28   67.63   462.729      53        0    -5.535  0.140      5    -86     55    123      0    186   7.705  2303   2964    -5.173  0.148      5    -82     73    128      0      0   7.956  1973   2964   
 422.432    3801   79004  1   0.000   40.81    3.72 -8036.000      53        0    -5.542  0.026      1    -96     69     56      0      0   3.460  2648   2964    -5.056  0.044      1    -49     64     71      0      0   3.818  2030   2964   
 422.538    3820  -79004  1   0.000   14.87   71.88   463.095      53        0    -5.511  0.031      1    -80     68     69      0      0   4.008  2394   2964    -5.152  0.035      1   -102     75     72      0      0   3.813  1948   2964   
 423.589    3867  -79004  1   0.000   10.97   66.69   459.346      53        0    -5.499  0.191      5   -114     81    127      0    169   7.999  2778   2964    -4.936  0.289      5    -97     93    132      0    132   8.532  2255   2964   
 423.603    3870  -79004  1   0.000   15.55   60.70   460.082      53        0    -5.644  0.098      5    -87     66    116      0    125   7.011  2578   2964    -5.326  0.116      5    -64     82    125      0      0   7.414  2079   2964   
 425.428    3895   79004  1   0.000   45.41    4.93 -8036.000      53        0    -5.810  0.038      1    -80     73     95      0      0   4.768  4301   2964    -5.396  0.067      1      8     80    102      0      0   5.406  3129   2964   
 425.532    3914  -79004  1   0.000   14.87   71.81   463.062      53        0    -5.765  0.036      1    -82     75     87      0      0   4.633  3672   2964    -5.328  0.048      1    -86     84     89      0      0   4.691  3304   2964   
 426.433    3963   79004  1   0.000   41.31    2.29 -8036.000      53        0    -5.876  0.045      1      0     78    101      0      0   5.152  4826   2964    -5.393  0.080      1     80     73    109      0      0   5.948  4057   2964   
 426.586    3986  -79004  1   0.000    8.29   43.23   465.326      53        0    -5.942  0.069      1     80     71    102      0    206   6.057  4685   2964    -5.580  0.064      1      0     85    103      0      0   5.713  3626   2964   
 427.592    4025  -79004  1   0.000    9.13   61.48   466.266      53        0    -6.009  0.035      1    -95     78     80      0      0   4.424  6489   2964    -5.547  0.053      1    -98     77     88      0      0   4.555  6444   2964   
 428.424    4052   79004  1   0.000   37.64   -1.98 -8036.000      53        0    -6.110  0.025      1      0     86     69      0      0   3.743  8236   2964    -5.739  0.044      1     95     82     79      0      0   4.199  7597   2964   
 430.534    4065  -79004  1   0.000   17.12   73.30   474.295      43        0    -6.575  0.023      1    -54     96     74      0      0   4.351 11595   2964    -6.137  0.041      1    -52    112     75      0      0   4.211 20941   2964   
 432.661    4099  -79004  1   0.000   37.00   81.35   474.836      43        0    -7.116  0.020      1    -23    103     80      0      0   4.749 15348   2964    -6.740  0.040      1    -59    110    100      0      0   5.041 26956   2964   
 435.416    4120   79004  1   0.000   40.42   -3.01 -8036.000      43        0    -6.693  0.016      1   -102     76     77      0      0   3.958  3204   2964    -6.260  0.023      1    -78     72     82      0      0   4.440  1971   2964   
 436.426    4123   79004  1   0.000   35.55   -1.61 -8036.000      63        0    -6.658  0.011      1    -79    100     62      0      0   3.514  2835   2964    -6.195  0.016      1    -30     70     74      0      0   3.928  1724   2964   
 436.563    4149  -79004  1   0.000   -3.61   29.15   657.527      63        0    -6.587  0.017      1     59     81     80      0      0   4.318  4534   2964    -6.115  0.023      1      0     82     75      0      0   4.242  4599   2964   
 437.409    4164   79004  1   0.000   42.57    3.03 -8036.000      43        0    -6.486  0.013      1    -80     93     62      0      0   3.467  3307   2964    -6.055  0.018      1    -43     84     73      0      0   3.915  1768   2964   
 438.412    4205   79004  1   0.000   42.37    3.45 -8036.000      53        0    -6.284  0.012      1    -80    103     55      0      0   3.041  2923   2964    -5.811  0.017      1    -69     92     51      0      0   3.255  1811   2964   
 438.592    4227  -79004  1   0.000   32.13   78.16   479.520      53        0    -6.242  0.020      1    -87     78     69      0      0   3.824  3655   2964    -5.757  0.033      1    -46     79     77      0      0   4.023  3194   2964   
 439.410    4251   79004  1   0.000   44.75   -3.82 -8036.000      43        0    -6.123  0.019      1    -76     82     73      0      0   3.917  3003   2964    -5.685  0.029      1    -18     74     82      0      0   4.111  2172   2964   
 441.509    4274  -79004  1   0.000   13.56   67.76   462.171      53        0    -5.782  0.021      1    -57     76     59      0      0   3.529  2816   2964    -5.423  0.024      1    -85     78     58      0      0   3.404  2241   2964   
 441.641    4298  -79004  1   0.000   30.18   84.31   462.788      53        0    -5.768  0.034      1     29     69     79      0      0   4.578  2697   2964    -5.348  0.044      1      0     74     90      0      0   4.614  2249   2964   
 442.485    4332  -79004  1   0.000   13.57   72.02   463.360      53        0    -5.719  0.020      1    -65     76     48      0      0   3.267  2712   2964    -5.253  0.025      1    -57     82     45      0      0   3.242  2151   2964   
 442.629    4361  -79004  1   0.000   50.89   78.96   464.918      53        0    -5.677  0.023      1    -58     80     50      0      0   3.340  2705   2964    -5.332  0.029      1    -67     75     49      0      0   3.302  2223   2964   
 444.403    4421   79004  1   0.000   50.86   -4.46 -8036.000      53        0    -5.540  0.042      1    -93     58     89      0      0   4.629  2516   2964    -5.089  0.065      5    -60     62     97      0      0   5.022  1839   2964   
 444.545    4445  -79004  1   0.000    1.08   35.41   479.193      53        0    -5.607  0.043      1    -71     70     91      0      0   5.018  2369   2964    -5.076  0.073      5      0     70    107      0      0   5.420  1956   2964   
 445.466    4472  -79004  1   0.000   -9.04   51.04   471.119      53        0    -5.469  0.022      1      0     82     36      0      0   3.096  2652   2964    -5.063  0.024      1    -52     93     33      0      0   2.803  2041   2964   
 446.419    4526   79004  1   0.000   48.59   -8.06 -8036.000      53        0    -5.465  0.040      1    -76     73     89      0      0   4.423  2732   2964    -5.079  0.054     41    -72     76     86      0      0   4.541  1963   2964   
 446.561    4549  -79004  1   0.000   24.38   73.55   475.116      53        0    -5.381  0.027      1    -66     76     52      0      0   3.209  2694   2964    -4.986  0.036      1    -27     78     55      0      0   3.260  2140   2964   
 451.400    4595   79004  1   0.000    9.31   85.75 -8036.000      53        0    -5.228  0.040      1    -87     78     68      0      0   3.763  3086   2964    -4.890  0.056      1    -61     73     79      0      0   4.114  1866   2964   
 451.539    4617  -79004  1   0.000   18.58   81.47   473.039      53        0    -5.023  0.133      5     90     69    114      0      0   6.819  2622   2964    -4.777  0.137      5     78     75    115      0      0   6.706  1902   2964   
 452.391    4633   79004  1   0.000   10.05   90.15 -8036.000      53        0    -5.148  0.075      5    -79     67     96      0      0   4.861  4312   2964    -4.651  0.119      5      0     76    106      0      0   5.418  2386   2964   
 452.652    4657  -79004  1   0.000   28.58  108.94   470.356      53        0    -5.167  0.112      5     42     73    107      0      0   6.255  3296   2964    -4.540  0.193      5     50     86    114      0      0   6.422  2709   2964   
 453.442    4688  -79004  1   0.000   20.99   89.50   472.106      53        0    -5.215  0.060      5    -90     75     89      0      0   4.515  4082   2964    -4.658  0.092      5    -62     74     91      0      0   4.791  3060   2964   
 453.586    4714  -79004  1   0.000   21.69   91.10   474.121      53        0    -5.131  0.073      5    -83     71     93      0      0   5.048  2681   2964    -4.779  0.099      5    -73     81     98      0      0   5.395  2210   2964   
 454.432    4762  -79004  1   0.000   21.17   87.33   479.420      53        0    -5.208  0.086      1    -83     95     25      0      0   2.853  9224   2964    -4.355  0.152      5    -72    102      8      0      0   2.671  7135   2964   
 455.655    4789  -79004  1   0.000   32.71  114.63   457.119      53        0    -5.127  0.108      5    -56     67     95      0      0   5.491  3011   2964    -4.574  0.191      5      0     83    106      0      0   6.101  2702   2964   
 457.498    4832  -79004  1   0.000    7.21   86.44   457.869      53        0    -5.026  0.049      1    -64     89     30      0      0   2.892  7875   2964    -4.684  0.077      1    -49     92     33      0      0   2.905 11556   2964   
 459.467    4892  -79004  1   0.000   17.43   88.00   459.753      53        0    -5.128  0.193      5    -78     77    106      0    181   5.971 11807   2964    -4.110  0.545      5    -60     99    115      0      0   6.325 19632   2964   
 460.391    4958   79004  1   0.000    4.58   89.07 -8036.000      53        0    -5.055  0.388      5    -31     69    125      0    216   7.719 11777   2964    -5.073  0.480      5      0     87    132      0    164   8.561 14895   2964   
 460.511    4979  -79004  1   0.000    9.60   87.37   460.889      53        0    -5.065  0.263      5     -8     70    108      0    218   6.217 16679   2964    -4.154  0.638      5     65    115    117      0      0   6.600 29528   2964   
 461.430    5001  -79004  1   0.000   19.81   90.29   461.636      53        0    -5.099  0.119      5   -105     94     87      0      0   4.603 14566   2964    -4.110  0.335      5    -70    105     86      0      0   4.592 20682   2964   
 462.414    5014  -79004  1   0.000   21.38   88.47   462.803      53        0    -5.078  0.084      5    -81     86     73      0      0   4.199  9613   2964    -4.676  0.120      5    -92     92     85      0      0   4.223 10358   2964   
 463.421    5023  -79004  1   0.000   17.57   84.29   467.946      53        0    -5.050  0.068      5    -86     87     71      0      0   4.076  6287   2964    -4.589  0.095      5    -82     80     84      0      0   4.139  5142   2964   
 463.539    5046  -79004  1   0.000   11.64   95.36   468.150      53        0    -4.778  0.132      5     46     87     79      0      0   4.653 10115   2964    -4.687  0.140      5     58     89     87      0      0   4.446 10427   2964   
 464.541    5095  -79004  1   0.000   15.38   96.24   468.085      53        0    -4.970  0.076      1     83     84     66      0      0   3.892  7893   2964    -4.541  0.108      1     67     89     64      0      0   3.798  7688   2964   
 465.435    5110  -79004  1   0.000   18.29   86.16   479.450      53        0    -4.975  0.037      1     42     79     42      0      0   3.332  2621   2964    -4.625  0.039      1      0     89     37      0      0   3.089  1805   2964   
 466.437    5163  -79004  1   0.000   19.82   80.61   473.797      53        0    -5.036  0.046      1    100     74     75      0      0   3.960  2297   2964    -4.564  0.052      1     91     73     63      0      0   3.542  1881   2964   
 469.412    5246  -79004  1   0.000   18.37   82.61   469.643      53        0    -4.818  0.260      5    -87     91     74      0      0   4.014  5951   2964    -4.187  0.415      5    -93     92     78      0      0   4.213  4394   2964   
 470.381    5262  -79004  1   0.000   20.83   83.40   470.481      53        0    -5.049  0.034      1    -94     80     40      0      0   3.040  3258   2964    -4.613  0.042      1    -89     87     39      0      0   3.024  2287   2964   
 471.384    5289  -79004  1   0.000   21.34   84.55   471.519      53        0    -4.996  0.036      1   -101     81     39      0      0   3.099  3166   2964    -4.532  0.045      1   -101     88     40      0      0   3.073  2188   2964   
 472.381    5383  -79004  1   0.000   21.73   74.37   472.673      53        0    -4.977  0.041      1    -74     91     35      0      0   2.871  3628   2964    -4.575  0.044      1    -95     90     23      0      0   2.616  2380   2964   
 473.384    5477  -79004  1   0.000   16.73   82.73   473.851      53        0    -4.929  0.040      1   -118     88     32      0      0   2.854  3668   2964    -4.537  0.047      1   -114     84     28      0      0   2.745  2483   2964   
 473.490    5500  -79004  1   0.000    5.84   90.81   474.219      53        0    -4.949  0.058      1     87     56     79      0      0   4.328  2298   2964    -4.651  0.063      1     85     74     73      0      0   4.080  1897   2964   
 474.386    5573  -79004  1   0.000   22.52   78.17   475.192      53        0    -5.000  0.029      1    -97     95     22      0      0   2.621  3330   2964    -4.531  0.038      1    -80     95     18      0      0   2.577  2295   2964   
 474.514    5595  -79004  1   0.000   24.63   90.46   475.207      53        0    -5.036  0.043      1    -87     78     50      0      0   3.521  2892   2964    -4.569  0.066      1    -66     74     62      0      0   3.687  2385   2964   
 475.380    5664  -79004  1   0.000   19.18   80.23   475.861      53        0    -4.905  0.037      1    -72     89     31      0      0   2.911  3311   2964    -4.538  0.041      1    -88     84     22      0      0   2.718  2398   2964   
 475.486    5687  -79004  1   0.000   10.07   87.04   476.000      53        0    -4.955  0.044      1    -36     73     50      0      0   3.274  3013   2964    -4.651  0.051      1    -35     91     51      0      0   3.248  2193   2964   
 476.373    5704  -79004  1   0.000   19.71   80.55   476.928      53        0    -4.902  0.040      1    -78     84     37      0      0   3.021  3897   2964    -4.546  0.044      1    -89     93     27      0      0   2.871  2550   2964   
 476.475    5726  -79004  1   0.000   12.07   85.70   476.948      53        0    -4.823  0.056      1     68     74     65      0      0   3.829  2875   2964    -4.615  0.055      1     53     72     60      0      0   3.662  2064   2964   
 477.371    5810  -79004  1   0.000   21.59   80.79   478.056      53        0    -4.950  0.044      1   -102     93     36      0      0   2.925  3616   2964    -4.517  0.054      1   -104     87     28      0      0   2.840  2518   2964   
 477.474    5832  -79004  1   0.000   14.88   86.99   478.206      53        0    -4.910  0.048      1     81     73     49      0      0   3.291  3083   2964    -4.545  0.058      1     80     71     43      0      0   3.119  2234   2964   
 478.386    5870  -79004  1   0.000   23.64   81.33   479.245      53        0    -4.969  0.053      1    -73     81     72      0      0   3.916  3173   2964    -4.575  0.064      5    -78     80     76      0      0   3.946  2093   2964   
 478.491    5892  -79004  1   0.000   18.60   92.62   479.216      53        0    -4.914  0.071      1     61     71     75      0      0   4.325  3023   2964    -4.601  0.082      1     73     76     80      0      0   4.244  2109   2964   
 480.383    5897  -79004  1   0.000   16.31   86.04   480.675      53        0    -4.976  0.047      1    -73     77     55      0      0   3.564  3442   2964    -4.584  0.057      1    -71     81     66      0      0   3.536  2416   2964   
 481.538    5956  -79004  1   0.000   31.82   94.04   481.814      53        0    -4.996  0.051      1     48     90     55      0      0   3.364  2919   2964    -4.562  0.074      1     68     81     49      0      0   3.516  2387   2964   
 483.464    6024  -79004  1   0.000    8.63   86.81   483.810      53        0    -4.891  0.076      5    -85     90     72      0      0   3.925  4902   2964    -4.686  0.098      5    -89     82     76      0      0   4.078  4757   2964   
 483.568    6046  -79004  1   0.000   42.42  143.87   484.484      53        0    -5.033  0.088      5    -37     77     94      0      0   5.065  2824   2964    -4.412  0.163      5    -53     78     97      0      0   5.223  2682   2964   
 484.400    6063  -79004  1   0.000   15.65   86.54   484.933      53        0    -4.911  0.048      1   -103     89     46      0      0   2.996  5035   2964    -4.514  0.071      5   -101     88     34      0      0   2.965  5634   2964   
 484.534    6089  -79004  1   0.000   29.49   99.35   484.939      53        0    -4.964  0.085      5    -72     90     71      0      0   4.098  5795   2964    -4.685  0.127      5    -57     92     81      0      0   4.247  6727   2964   
 485.386    6126  -79004  1   0.000   15.59   78.15   485.779      53        0    -4.873  0.064      1    -52     96     59      0      0   3.390  6431   2964    -4.715  0.080      1    -64     84     47      0      0   3.305  8000   2964   
 486.436    6227  -79004  1   0.000    6.44   83.99   486.611      53        0    -4.916  0.182      5     73    103     65      0      0   3.981 16113   2964    -4.368  0.304      5      0    100     71      0      0   3.852 16805   2964   
 488.446    6293  -79004  1   0.000   20.21   93.17   489.263      53        0    -5.293  0.126      5    -52     89     99      0      0   5.261 14304   2964    -4.337  0.398      5     75    106    115      0      0   5.837 19128   2964   
 489.391    6377  -79004  1   0.000   20.04   86.95   489.809      53        0    -5.065  0.054      1   -101     94     12      0      0   2.646 14606   2964    -4.438  0.103      5   -100    110     16      0      0   2.537 18689   2964   
 491.376    6464  -79004  1   0.000   17.58   82.92   491.643      53        0    -5.725  0.048      1    -32    120     79    160    171   4.246  9874   2964    -4.445  0.136      5      0     90     77      0      0   4.224  8903   2964   
 492.537    6542  -79004  1   0.000   34.26  106.31   492.858      53        0    -4.957  0.114      1     -2    103     55      0      0   3.367 18959   2964    -4.459  0.199      5     44    106     49      0      0   3.546 17422   2964   
 494.380    6552  -79004  1   0.000   19.36   84.53   494.910      53        0    -5.092  0.069      5    -33     86     83      0      0   4.678  3674   2964    -4.265  0.129      5     58     71     91      0      0   4.870  2377   2964   
 495.361    6641  -79004  1   0.000   15.98   83.15   495.619      53        0    -4.917  0.115      5    -57     70    100      0      0   5.530  4302   2964    -4.144  0.200      5    -49     76    105      0      0   5.692  2718   2964   
 499.388    6855  -79004  1   0.000    3.43   85.78   500.444      53        0    -4.483  0.340      5     85     62    120      0    183   7.372  3420   2964    -4.493  0.264      5     92     76    128      0      0   7.893  2173   2964   
 500.368    6926  -79004  1   0.000   12.77   80.92   500.828      53        0    -5.099  0.064      5    -79     79     83      0      0   4.457  3959   2964    -4.499  0.096      5    -69     70     88      0      0   4.562  2551   2964   
 501.367    7027  -79004  1   0.000   18.59   82.25   501.625      53        0    -4.850  0.071      1      0     76     74      0      0   4.115  4082   2964    -4.555  0.075      5      0     70     79      0      0   4.108  2561   2964   
 502.362    7131  -79004  1   0.000   16.19   78.71   502.452      53        0    -4.937  0.042      1    -53     79     34      0      0   3.175  3989   2964    -4.619  0.047      1    -15     77     39      0      0   3.132  2597   2964   
 503.363    7247  -79004  1   0.000   20.12   78.49   503.456      53        0    -4.936  0.050      1    -51     76     47      0      0   3.444  4187   2964    -4.386  0.068      1      0     72     50      0      0   3.476  2659   2964   
 504.371    7354  -79004  1   0.000    8.55   80.65   504.458      53        0    -5.000  0.046      1    -81     76     38      0      0   3.025  5181   2964    -4.559  0.059      1    -80     80     39      0      0   2.994  3195   2964   
 504.825    7459   79004  1   0.000    8.42   79.59 -8036.000      53        0    -4.888  0.124      5    -76     88     85      0      0   4.492 10961   2964    -4.491  0.156      5     22     81     99      0      0   4.969  3762   2964   
 507.406    7463  -79004  1   0.000   20.83   82.11   507.569      53        0    -4.936  0.162      5     35     65    115      0      0   6.719  3642   2964    -4.312  0.248      5     63     70    119      0      0   6.952  2255   2964   
 508.504    7513  -79004  1   0.000   31.81  100.83   508.798      53        0    -4.997  0.276      5      0     76    123      0    184   7.852  3573   2964    -4.649  0.335      5      0     75    131      0      0   8.334  2451   2964   
 509.490    7524  -79004  1   0.000   39.65  109.34   509.775      53        0    -4.387  0.750      5    -97     66    130      0    185   8.578  4259   2964    -4.985  0.337      5   -101     82    133      0      0   9.121  2935   2964   
 510.425    7596  -79004  1   0.000   26.14  107.00   510.530      63        0    -4.918  0.052      1     13     74     41      0      0   3.205  4702   2964    -4.602  0.060      1     38     82     40      0      0   3.212  3079   2964   
 511.369    7658  -79004  1   0.000    8.34   77.86   511.651      63        0    -4.959  0.051      1    -72     82     46      0      0   3.433  4594   2964    -4.712  0.059      1    -64     86     52      0      0   3.431  3739   2964   
 511.821    7751   79004  1   0.000    7.59   78.34 -8036.000      63        0    -4.838  0.063      1    -43     82     50      0      0   3.225  5763   2964    -4.576  0.082      1     46     64     71      0      0   3.683  2463   2964   
 512.351    7756  -79004  1   0.000    6.71   77.38   512.436      63        0    -5.059  0.046      1     50     87     53      0      0   3.351  5042   2964    -4.619  0.058      1     73     85     47      0      0   3.180  4248   2964   
 517.352    7836  -79004  1   0.000   24.02   84.81   517.442      63        0    -4.547  0.609      5    -75     77    122      0    185   7.497 14375   2964    -3.955  0.986      5     47    103    128      0      0   7.838 14976   2964   
 517.771    7891   79004  1   0.000    8.12   77.33 -8036.000      63        0    -4.180  0.437      5      0    106    106      0      0   5.760 14144   2964    -4.681  0.341      5      0    103    113      0      0   6.322 11054   2964   
 518.780    7953   79004  1   0.000    7.90   74.89 -8036.000      63        0    -5.179  0.178      5    -89    108    100      0      0   5.088 21279   2964    -4.298  0.514      5    -93    106    106      0      0   5.656 17710   2964   
 519.764    8011   79004  1   0.000    4.46   68.51 -8036.000      63        0    -4.743  0.506      5    -54     77    105      0    219   5.860 31598   2964    -4.264   -815      5    -91    113    115      0      0   6.438 27848   2964   
 520.361    8033  -79004  1   0.000   19.84   80.41   520.461      63        0    -4.841  0.113      5    -79     86     70      0      0   4.026 12482   2964    -4.545  0.148      5    -57    104     80      0      0   4.211 11019   2964   
 520.765    8074   79004  1   0.000    6.27   73.79 -8036.000      63        0    -4.744  0.264      5    -49    105     98      0      0   5.343 20592   2964    -4.789  0.322      5   -103     99    107      0      0   5.884 17418   2964   
 521.355    8095  -79004  1   0.000   22.47   77.55   521.451      63        0    -4.894  0.052      1     38     85     49      0      0   3.368  4650   2964    -4.606  0.053      1     62     84     43      0      0   3.333  2577   2964   
 521.782    8176   79004  1   0.000    3.27   68.35 -8036.000      63        0    -4.821  0.181      5      0     87     98      0      0   5.022 15206   2964    -4.267  0.379      5      0    101    106      0      0   5.510 13432   2964   
 522.351    8192  -79004  1   0.000   21.41   84.62   522.482      63        0    -4.960  9.999      5    124      0    255      0      0   9.473  5630   2964    -4.019  0.997      5    -85     85    139      0    169   9.980  3272   2964   
 522.765    8230   79004  1   0.000    5.40   74.63 -8036.000      63        0    -4.980  9.999      5    122      0    255      0      0   9.770 13176   2964    -5.790  0.529      5   -127     94    140      0    181  10.402 11934   2964   
 523.350    8249  -79004  1   0.000   22.29   77.16   523.478      63        0    -4.843  0.184      5      0     82    117      0      0   6.638  4540   2964    -4.423  0.241      5     59     71    120      0      0   7.057  2935   2964   
 527.837    8314   79004  1   0.000   14.29   78.23 -8036.000      63        0    -4.897  0.353      5    -38     80    127      0    194   7.783  7760   2964    -4.872  0.315      5    -56     84    130      0      0   8.188  4668   2964   
 528.766    8386   79004  1   0.000    4.57   71.22 -8036.000      63        0    -4.951  9.999      7      0      0      0      0      0  11.513  4412   2964       -99    -99 -32768 -32768 -32768 -32768 -32768 -32768  11.917  3557   2964   
 529.350    8407  -79004  1   0.000   21.23   77.73   529.443      63        0    -4.909  0.059      1     55     79     56      0      0   3.789  3817   2964    -4.589  0.067      1     78     85     67      0      0   3.815  2399   2964   
 529.762    8494   79004  1   0.000    5.45   77.64 -8036.000      63        0    -5.146  0.077      5    -24     75     94      0      0   4.724  4027   2964    -4.734  0.121      5      5     76     99      0      0   5.233  2718   2964   
 530.357    8514  -79004  1   0.000   21.05   80.96   530.456      63        0    -4.986  0.069      1    -35     69     75      0      0   4.297  3784   2964    -4.486  0.099      5     43     80     84      0      0   4.580  2434   2964   
 531.351    8565  -79004  1   0.000   22.26   83.99   531.447      63        0    -5.004  0.748      5     73     90    119      0      0   7.123  7425   2964    -3.565  2.279      5     99     99    122      0      0   7.123  4189   2964   
 532.378    8590  -79004  1   0.000   24.62   79.50   532.482      63        0    -5.010  0.327      5    -52     90    126      0      0   7.874  4324   2964    -3.726  1.026      5      0    100    131      0      0   8.196  3221   2964   
 533.355    8630  -79004  1   0.000   21.75   82.35   533.457      63        0    -4.895  0.104      5     40     78     92      0      0   5.051  4480   2964    -4.349  0.144      5     73     83     98      0      0   5.256  2481   2964   
 533.812    8701   79004  1   0.000   -5.59   67.38 -8036.000      63        0    -4.398  0.347      5      0     77    121      0      0   7.217  4537   2964    -3.771  0.609      5     58     80    125      0      0   7.567  2888   2964   
 534.356    8705  -79004  1   0.000   23.48   85.90   534.436      63        0    -4.523  0.252      5     68     81    110      0      0   6.066  5555   2964    -4.536  0.194      5     45     85    113      0      0   6.392  2529   2964   
 538.349    8718  -79004  1   0.000   22.69   78.92   538.524      63        0    -4.983  9.999      5    122      0    255      0      0   9.831  4739   2964    -2.897  -3909      5      0     70    141      0    196  10.515  3194   2964   
 538.766    8806   79004  1   0.000   10.19   72.24 -8036.000      63        0    -4.999  0.137      5    -55     77    111      0      0   6.422  3144   2964    -4.437  0.263      5     34     76    121      0      0   6.931  2356   2964   
 539.391    8826  -79004  1   0.000   26.31   95.08   539.567      63        0    -4.891  0.081      1     10     80     64      0      0   3.967  5184   2964    -4.485  0.115      5     22     90     78      0      0   4.187  3648   2964   
 539.739    8895   79004  1   0.000    7.79   71.60 -8036.000      63        0    -4.767  0.177      5     55     75    108      0      0   6.213  4157   2964    -4.570  0.216      5     57     75    118      0      0   6.475  2563   2964   
 540.353    8919  -79004  1   0.000   23.16   79.26   540.461      63        0    -4.970  0.062      1    -94     91     49      0      0   3.412  4978   2964    -4.507  0.094      5    -88     91     53      0      0   3.532  4181   2964   
 540.760    9000   79004  1   0.000    9.87   76.18 -8036.000      63        0    -4.992  0.069      1    -32     78     79      0      0   4.230  3570   2964    -4.442  0.133      5     57     74     92      0      0   4.673  2446   2964   
 541.352    9020  -79004  1   0.000   23.04   78.74   541.481      63        0    -4.983  0.067      5    -98     88     51      0      0   3.428  6374   2964    -4.523  0.104      5    -84     89     59      0      0   3.633  5114   2964   
 541.746    9103   79004  1   0.000    6.42   74.21 -8036.000      63        0    -4.796  0.139      5    -87     67    105      0      0   5.478  3891   2964    -4.153  0.284      5    -50     77    113      0      0   5.989  2531   2964   
 542.402    9127  -79004  1   0.000   26.92   85.60   542.533      63        0    -4.680  0.195      5    -78     86     92      0      0   5.213  7112   2964    -4.144  0.368      5      0     98    102      0      0   5.669  7260   2964   
 542.724    9196   79004  1   0.000    5.17   98.29 -8036.000      63        0    -5.060  0.157      5    -62     92    111      0      0   6.662  3712   2964    -4.525  0.291      5    -64     79    121      0      0   7.096  2523   2964   
 544.841    9276   79004  1   0.000    4.19   79.71 -8036.000      63        0    -4.944  0.363      5     45     98     69      0      0   3.784  9042   2964    -3.352  1.475      5     80    104     69      0      0   3.829  5532   2964   
 546.351    9282  -79004  1   0.000   18.72   83.50   546.456      63        0    -5.217  0.464      3    155    122     78      0      0   4.641 42541   2964    -3.684  -1814      5    159    122     98      0      0   4.886 31832   2964   
 546.763    9321   79004  1   0.000   -6.94   75.09 -8036.000      63        0    -4.743  0.088      1     70     88     53      0      0   3.432  9648   2964    -4.509  0.120      5     78     86     72      0      0   3.667  7517   2964   
 548.756    9342   79004  1   0.000   -4.05   70.09 -8036.000      63        0    -4.787  0.479      5    -54     95    121      0    132   7.250 19912   2964    -5.175  0.404      5   -100    101    127      0      0   7.747 18837   2964   
 549.348    9364  -79004  1   0.000   20.90   79.15   549.468      63        0    -4.650  0.164      5     55    128     75      0      0   4.123 16625   2964    -4.015  0.313      5      8    112     77      0      0   4.404 14908   2964   
 553.353    9386  -79004  1   0.000   23.51   79.98   553.469      63        0    -4.852  0.121      5    -66     88     96      0      0   4.739  5794   2964    -4.617  0.130      5      0     78     94      0      0   5.102  2892   2964   
 555.741    9517   79004  1   0.000   -8.78   77.66 -8036.000      63        0    -4.966  0.090      5    -37     83     84      0      0   4.352  6051   2964    -4.625  0.147      5      0     82     98      0      0   4.819  4872   2964   
 556.706    9545   79004  1   0.000    0.81   73.15 -8036.000      63        0    -4.926  0.104      5     57     83     87      0      0   4.678  5419   2964    -4.332  0.206      5     90     80     96      0      0   4.884  4430   2964   
 557.355    9559  -79004  1   0.000   26.64   92.24   557.480      63        0    -5.028  0.132      5      0     81    101      0      0   5.380  6569   2964    -4.499  0.180      5     65     86    103      0      0   5.687  3252   2964   
 557.674    9627   79004  1   0.000    4.74   94.37 -8036.000      63        0    -4.939  0.066      1     55     81     60      0      0   3.646  5218   2964    -4.537  0.103      1     73     76     73      0      0   3.939  3201   2964   
 558.369    9665  -79004  1   0.000   26.33   84.61   558.524      63        0    -5.020  -2375      5    161     96     28      0      0   4.832  6192   2964       -99    -99 -32768 -32768 -32768 -32768 -32768 -32768   5.237  4800   2964   
 558.820    9740   79004  1   0.000    2.65   58.58 -8036.000      63        0    -4.999  9.999      7      0      0      0      0      0   2.935  3218   2964    -4.412  0.065      1    -69     79     53      0      0   3.050  2399   2964   
 559.752    9747   79004  1   0.000   -0.66   67.82 -8036.000      63        0    -4.941  0.179      5    -67     84    114      0      0   6.624  4580   2964    -4.203  0.348      5      4     86    122      0      0   6.880  2504   2964   
 559.835    9764   79004  1   0.000   18.88   69.67 -8036.000      63        0    -4.959  0.097      5    -51     73    100      0      0   5.090  3653   2964    -4.521  0.147      5     39     67    103      0      0   5.302  2499   2964   
 560.653    9806   79004  1   0.000    5.24   71.08 -8036.000      63        0    -4.926  0.260      5    -70     83    125      0      0   7.273  4419   2964    -4.023  0.610      5      0     81    126      0      0   7.730  2789   2964   
 560.813    9831   79004  1   0.000    0.06   50.28 -8036.000      63        0    -4.872  0.143      5     29     88     77      0      0   4.353  5353   2964    -4.455  0.220      5     77     83     83      0    170   4.483  3790   2964   
 561.366    9840  -79004  1   0.000   41.03  103.62   561.745      63        0    -4.827  0.084      5    -72     78     71      0      0   3.952  5144   2964    -4.353  0.132      5    -14     83     81      0      0   4.346  3314   2964   
 561.723    9906   79004  1   0.000   -8.13   59.74 -8036.000      63        0    -4.971  0.119      5    -45     72    104      0      0   5.749  3962   2964    -4.555  0.182      5      0     65    112      0      0   6.017  2620   2964   
 562.362    9934  -79004  1   0.000   44.24  114.66   562.656      63        0    -4.988  0.077      1    -67     90     72      0      0   4.113  4889   2964    -4.540  0.114      5      0     86     82      0      0   4.481  3025   2964   
 563.353    9996  -79004  1   0.000   33.49   95.26   563.479      63        0    -4.915  0.072      1     66     76     73      0      0   3.921  4498   2964    -4.488  0.105      5     75     85     65      0      0   4.099  2955   2964   
 563.757   10074   79004  1   0.000   -1.70   81.67 -8036.000      63        0    -4.776  0.192      5    -24     86    102      0      0   5.646  4439   2964    -4.648  0.240      5    -45     86    112      0      0   5.959  3208   2964   
 565.642   10146   79004  1   0.000    3.95   73.48 -8036.000      63        0    -4.694  0.154      5     40     77     99      0      0   5.482  3860   2964    -4.494  0.217      5     50     80    109      0      0   6.005  2526   2964   
 566.650   10235   79004  1   0.000    3.69   71.26 -8036.000      63        0    -4.893  0.098      1     82     74     90      0      0   4.625  4051   2964    -4.434  0.156      5     81     76     99      0      0   4.938  2368   2964   
 571.664   10355   79004  1   0.000    6.31   75.81 -8036.000      63        0    -4.807  0.118      5    -52     70     96      0      0   5.149  3480   2964    -4.462  0.178      5     27     82    104      0      0   5.491  2418   2964   
 571.833   10391   79004  1   0.000   14.25   67.72 -8036.000      63        0    -4.953  0.075      5     55     70     80      0      0   4.492  3928   2964    -4.306  0.124      5     68     83     84      0      0   4.373  2500   2964   
 572.614   10431   79004  1   0.000    9.25   75.94 -8036.000      63        0    -4.934  0.091      5    -96     84     70      0      0   4.044  6510   2964    -4.527  0.173      5    -71     81     87      0      0   4.428  5336   2964   
 573.648   10504   79004  1   0.000   10.65   80.84 -8036.000      63        0    -4.885  0.190      5    -93     88    103      0      0   5.793  8037   2964    -4.510  0.315      5      0    105    113      0      0   6.126  6158   2964   
 573.840   10544   79004  1   0.000   27.28   68.22 -8036.000      63        0    -4.858  0.146      5    -66     85     99      0      0   5.238  8352   2964    -4.186  0.275      5    -60     87     99      0      0   5.234  6614   2964   
 576.698   10580   79004  1   0.000    2.29   72.74 -8036.000      63        0    -4.785  0.128      5    -75     93     79      0      0   4.451 10344   2964    -4.482  0.215      5    -70     88     94      0      0   4.695 10280   2964   
 578.612   10639   79004  1   0.000   10.34   79.19 -8036.000      63        0    -4.977  0.367      5    -45     93    119      0      0   7.209 19222   2964    -2.008  8.797      5     88    108    125      0      0   7.792 25240   2964   
 578.840   10670  -79004  1   0.000    0.00    0.00   579.230      63        0       -99    -99 -32768 -32768 -32768 -32768 -32768 -32768   0.000     0      0    -3.304  0.797      5     76    102     98      0      0   4.769 26638   2964   
 580.632   10712   79004  1   0.000    7.06   75.97 -8036.000      63        0    -5.060  0.098      5    -90     92     74      0      0   3.926 11229   2964    -4.878  0.188      5    -61     95     94      0      0   4.445 14779   2964   
 580.831   10753  -79004  1   0.000   21.57   85.75   581.121      63        0    -4.838  0.072      5    -97     80     58      0      0   3.567  6138   2964    -4.192  0.168      5    -72     96     69      0      0   3.802  9847   2964   
 581.631   10811   79004  1   0.000    6.54   78.43 -8036.000      63        0    -4.962  0.167      3     95    102     57      0      0   3.877 17015   2964    -4.266  0.412      3    123    103     71      0      0   4.000 15772   2964   
 585.620   10935   79004  1   0.000    5.71   76.42 -8036.000      63        0    -4.964  0.236      5    -84     85    116      0      0   6.924  6174   2964    -4.203  0.595      5    -23     94    125      0      0   7.469  5005   2964   
 585.826   10968  -79004  1   0.000   19.04   86.61   586.266      63        0    -4.917  0.102      5    -70     86     82      0      0   4.229 10038   2964    -4.423  0.122      5    -73     74     92      0      0   4.340  4653   2964   
 586.598   11005   79004  1   0.000    7.65   73.97 -8036.000      63        0    -5.040  0.167      5    -40     76    114      0      0   6.760  3541   2964    -4.695  0.263      5      0     85    123      0      0   7.263  2417   2964   
 586.824   11051  -79004  1   0.000   22.90   85.97   587.317      63        0    -5.009  0.167      5    -85     74    114      0      0   6.888  3488   2964    -4.112  0.389      5    -70     82    123      0      0   7.250  3344   2964   
 587.610   11110   79004  1   0.000    7.09   80.42 -8036.000      63        0    -4.995  0.122      5    -48     78    105      0      0   5.571  4068   2964    -4.717  0.174      5     18     82    113      0      0   6.084  2597   2964   
 587.827   11154  -79004  1   0.000   21.55   86.78   588.239      63        0    -4.803  0.106      5   -103     79     75      0      0   4.203  8712   2964    -4.373  0.128      5    -71     80     86      0      0   4.419  4436   2964   
 588.648   11182   79004  1   0.000   16.58   76.21 -8036.000      63        0    -5.037  0.084      5    -81     72     93      0      0   4.960  3090   2964    -4.415  0.165      5      0     74    104      0      0   5.387  2204   2964   
 589.761   11239   79004  1   0.000   22.79   74.36 -8036.000      63        0    -5.056  0.324      5    -82     59    128      0    202   8.529  3172   2964    -4.299  0.523      5    -70     82    132      0      0   8.753  2417   2964   
 591.751   11252   79004  1   0.000   13.44   82.30 -8036.000      63        0    -4.897  0.225      5   -124     84    121      0      0   7.222  3226   2964    -4.457  0.332      5   -122     83    123      0      0   7.127  2377   2964   
 592.590   11305   79004  1   0.000    6.29   76.08 -8036.000      63        0    -4.730  0.385      5     29     85    119      0      0   7.178  5067   2964    -4.760  0.454      5     46     86    126      0      0   7.599  3947   2964   
 592.809   11336  -79004  1   0.000   22.12   90.03   593.273      63        0    -5.044  0.087      5    -90     79    100      0      0   5.359  2786   2964    -4.462  0.155      5    -48     73    108      0      0   5.749  2255   2964   
 593.576   11367   79004  1   0.000   11.41   78.65 -8036.000      63        0    -4.334  0.585      5    -36     46    126      0    203   8.012  3717   2964    -4.518  0.439      5    -55     84    132      0      0   8.513  2565   2964   
 593.807   11412  -79004  1   0.000   24.10   86.39   593.945      63        0    -4.994  0.103      5    -74     75    106      0      0   5.759  2645   2964    -4.627  0.140      5    -58     75    111      0      0   6.062  2177   2964   
 594.586   11469   79004  1   0.000   18.21   76.36 -8036.000      63        0    -4.949  0.049      1   -110     82     46      0      0   3.137  3736   2964    -4.433  0.096      5    -84     76     64      0      0   3.556  2516   2964   
 595.576   11538   79004  1   0.000   10.85   77.82 -8036.000      63        0    -4.936  0.062      5   -106     71     71      0      0   3.492  3885   2964    -4.545  0.116      5    -59     80     81      0      0   4.036  2874   2964   
 595.815   11576  -79004  1   0.000   24.38   84.99   596.697      63        0    -4.758  0.093      5   -120     81     49      0      0   3.422  4261   2964    -4.549  0.107      5   -109     82     65      0      0   3.586  3113   2964   
 596.592   11624   79004  1   0.000   13.03   78.93 -8036.000      63        0    -4.409  0.718      5   -116     75    131      0    190   8.597  4026   2964    -3.169  2.270      5   -100     84    134      0      0   8.817  3075   2964   
 597.683   11645   79004  1   0.000   11.32   79.22 -8036.000      63        0    -5.002  9.999      5    114      0    255      0      0   9.416  3057   2964    -2.288  -5380      5    -87     80    137      0    164   9.473  2571   2964   
 597.811   11669  -79004  1   0.000   14.74   76.75   598.003      63        0    -4.794  0.238      5   -107     75    122      0    138   7.268  2993   2964    -4.530  0.275      5   -101     76    127      0      0   7.621  2525   2964   
 598.573   11711   79004  1   0.000   19.50   75.15 -8036.000      63        0    -4.788  0.169      5    -38     73    108      0      0   6.159  3792   2964    -4.868  0.195      5      0     86    119      0      0   6.792  2862   2964   
 599.558   11769   79004  1   0.000    6.31   76.19 -8036.000      63        0    -4.996  0.069      1    -75     89     64      0      0   3.520  4675   2964    -4.607  0.135      5     61     89     82      0      0   4.206  3533   2964   
 600.560   11872   79004  1   0.000    9.54   77.52 -8036.000      63        0    -4.729  0.112      5     44     91     69      0      0   3.758  7096   2964    -4.358  0.226      5     98     95     88      0      0   4.450  5765   2964   
 601.545   11936   79004  1   0.000   12.33   86.98 -8036.000      63        0    -4.870  0.131      5    -39     96     76      0      0   4.280  9130   2964    -3.483  0.660      5     84     93     96      0      0   4.870  7144   2964   
 602.759   11990   79004  1   0.000   15.05  105.48 -8036.000      63        0    -4.871  0.095      5   -101     92     48      0      0   3.183  4042   2964    -4.638  0.146      5    -72     89     63      0      0   3.453  3335   2964   
</pre>
</BODY>
</HTML>

