ID=G0531
URL=http://www.physics.ucsb.edu/~boomerang/data/Nature00/b98/d2LdC2
SIZE=2448
DATE=09/07/2002
TIME=16:18:58
DATASET=Astronomy
HTML=  -1.495938e-05
  -5.454259e-07
  -4.035668e-08
   2.348004e-08
  -4.131698e-08
  -1.677074e-08
   5.641916e-08
   1.361512e-08
   7.513937e-08
   2.296965e-08
   5.817089e-09
  -1.578509e-08
  -5.454259e-07
  -4.201728e-06
  -4.035132e-07
  -1.535410e-08
  -5.117350e-09
  -1.215046e-08
  -7.203155e-09
  -8.405272e-09
  -2.228618e-08
  -7.781183e-09
  -1.134392e-08
   1.193844e-08
  -4.035668e-08
  -4.035132e-07
  -3.408248e-06
  -3.339159e-07
  -5.287454e-08
  -1.245864e-08
   3.672832e-08
  -1.517491e-08
  -2.368484e-08
  -9.711044e-09
  -1.020566e-08
   9.804297e-09
   2.348004e-08
  -1.535410e-08
  -3.339159e-07
  -3.509042e-06
  -3.916331e-07
  -6.426289e-08
   3.790926e-08
  -4.791670e-08
  -8.421415e-09
  -8.169593e-09
  -1.761006e-09
  -1.136798e-09
  -4.131698e-08
  -5.117350e-09
  -5.287454e-08
  -3.916331e-07
  -4.756830e-06
  -6.635391e-07
  -8.433685e-08
   1.726686e-10
  -1.357131e-08
  -1.227392e-08
  -2.396171e-08
   7.590977e-09
  -1.677074e-08
  -1.215046e-08
  -1.245864e-08
  -6.426289e-08
  -6.635391e-07
  -1.061679e-05
  -1.455571e-06
  -7.551552e-08
  -1.044731e-08
   1.606581e-08
  -2.440433e-08
   1.544161e-09
   5.641916e-08
  -7.203155e-09
   3.672832e-08
   3.790926e-08
  -8.433685e-08
  -1.455571e-06
  -2.075896e-05
  -2.198607e-06
  -2.784078e-07
  -1.418259e-08
  -1.595816e-08
  -1.180989e-08
   1.361512e-08
  -8.405272e-09
  -1.517491e-08
  -4.791670e-08
   1.726686e-10
  -7.551552e-08
  -2.198607e-06
  -2.112811e-05
  -1.348089e-06
  -3.736084e-07
  -6.685620e-08
  -3.617390e-08
   7.513937e-08
  -2.228618e-08
  -2.368484e-08
  -8.421415e-09
  -1.357131e-08
  -1.044731e-08
  -2.784078e-07
  -1.348089e-06
  -1.623502e-05
  -1.423796e-06
  -1.404289e-07
  -2.465587e-08
   2.296965e-08
  -7.781183e-09
  -9.711044e-09
  -8.169593e-09
  -1.227392e-08
   1.606581e-08
  -1.418259e-08
  -3.736084e-07
  -1.423796e-06
  -1.185729e-05
  -8.072539e-07
  -4.741772e-08
   5.817089e-09
  -1.134392e-08
  -1.020566e-08
  -1.761006e-09
  -2.396171e-08
  -2.440433e-08
  -1.595816e-08
  -6.685620e-08
  -1.404289e-07
  -8.072539e-07
  -7.434661e-06
  -6.083932e-07
  -1.578509e-08
   1.193844e-08
   9.804297e-09
  -1.136798e-09
   7.590977e-09
   1.544161e-09
  -1.180989e-08
  -3.617390e-08
  -2.465587e-08
  -4.741772e-08
  -6.083932e-07
  -5.701010e-06

