ID=X0168
URL=http://baseball1.com/statistics/p-1997n.html
SIZE=47700
DATE=12/07/2002
TIME=17:29:20
DATASET=Sport
HTML=<!DOCTYPE HTML PUBLIC "-//IETF//DTD HTML//EN">
<html>

<head>
<meta http-equiv="Content-Type"
content="text/html; charset=iso-8859-1">
<meta name="GENERATOR" content="Microsoft FrontPage 2.0">
<title>1997 NL Pitching - The Baseball Archive</title>
</head>

<body>

<h2><tt>1997 National League Pitching</tt></h2>

<pre><strong><tt>
LastName     FirstName    Tm        ERA   W   L   SV   G   GS   GF    SHO   CG     IP      H    R   ER   BB   IBB   HB    K    WP   BK    OBA   BF/9   HR   SH  
</tt></strong><tt>
Acevedo      Juan         NY       3.59   3   1    0  25    2    4      0    0    47.66   52   24   19   22     2    4   33     0    1  0.286     41    6    2
Adams        Terry        Chi      4.62   2   9   18  74    0   39      0    0       74   91   43   38   40     6    1   64     6    0  0.306     41    3    1
Alfonseca    Antonio      Fla      4.91   1   3    0  17    0    2      0    0    25.66   36   16   14   10     3    1   19     1    0  0.324     43    3    1
Alvarez      Wilson       SF       4.48   4   3    0  11   11    0      0    0    66.33   54   36   33   36     3    1   69     1    1  0.224     38    9    4
Arocha       Rene         SF      11.32   0   0    0   6    0    2      0    0    10.33   17   14   13    5     2    1    7     0    0   0.37     47    2    1
Ashby        Andy         SD       4.13   9  11    0  30   30    0      0    2   200.66  207  108   92   49     2    5  144     3    0  0.266     38   17   13
Astacio      Pedro        LA       4.10   7   9    0  26   24    2      1    2   153.66  151   75   70   47     0    4  115     4    3  0.256     38   15    9
Astacio      Pedro        Col      4.25   5   1    0   7    7    0      0    0    48.66   49   23   23   14     0    5   51     2    0  0.262     38    9    0
Aybar        Manny        StL      4.24   2   4    0  12   12    0      0    0       68   66   33   32   29     0    4   41     1    1  0.263     39    8    7
Bailey       Cory         SF       8.38   0   1    0   7    0    4      0    0     9.66   15    9    9    4     0    0    5     0    0  0.375     42    1    0
Bailey       Roger        Col      4.29   9  10    0  29   29    0      2    5      191  210  103   91   70     2   13   84     4    0  0.283     39   27    7
Barrios      Manuel       Hou     12.00   0   0    0   2    0    0      0    0        3    6    4    4    3     0    0    3     0    0    0.4     54    0    0
Batchelor    Richard      StL      4.50   1   1    0  10    0    3      0    0       16   21   12    8    7     1    2    8     0    1  0.323     43    0    2
Batchelor    Richard      SD       7.82   2   0    0  13    0    5      0    0    12.66   19   11   11    7     1    1   10     1    0  0.358     44    2    1
Batista      Miguel       Chi      5.70   0   5    0  11    6    2      0    0    36.33   36   24   23   24     2    1   27     2    0  0.267     42    4    4
Bautista     Jose         StL      6.57   0   0    0  11    0    3      0    0    12.33   15   10    9    2     1    1    4     1    0    0.3     41    2    3
Beck         Rod          SF       3.47   7   4   37  73    0   66      0    0       70   67   31   27    8     2    2   53     1    0  0.249     36    7    1
Beckett      Robbie       Col      5.40   0   0    0   2    0    2      0    0     1.66    1    1    1    1     1    0    2     0    0  0.167     38    0    0
Beech        Matt         Phi      5.07   4   9    0  24   24    0      0    0   136.66  147   81   77   57     9    5  120     6    2  0.279     40   25    7
Belinda      Stan         Cin      3.71   1   5    1  84    0   18      0    0    99.33   84   42   41   33     6    9  114     5    0  0.229     38   11    6
Beltran      Rigo         StL      3.48   1   2    1  35    4   16      0    0    54.33   47   25   21   17     0    0   50     1    0  0.237     37    3    6
Benes        Alan         StL      2.89   9   9    0  23   23    0      0    2   161.66  128   60   52   68     3    4  160     9    2  0.219     37   13    5
Benes        Andy         StL      3.10  10   7    0  26   26    0      0    0      177  149   64   61   61     4    5  175     7    0   0.23     37    9    6
Bennett      Shayne       Mon      3.18   0   1    0  16    0    3      0    0    22.66   21    9    8    9     3    0    8     0    0  0.247     39    2    1
Bergman      Sean         SD       6.09   2   4    0  44    9   13      0    0       99  126   72   67   38     4    3   74     6    0  0.316     41   11    7
Bielecki     Mike         Atl      4.08   3   7    2  50    0    7      0    0    57.33   56   33   26   21     3    1   60     1    0   0.25     39    9    3
Blazier      Ron          Phi      5.03   1   1    0  36    0    7      0    0    53.66   62   31   30   21     3    0   42     2    0   0.29     40    8    1
Bochtler     Doug         SD       4.77   3   6    2  54    0   13      0    0    60.33   51   35   32   50     4    1   46     5    0  0.229     42    3    4
Bohanon      Brian        NY       3.82   6   4    0  19   14    0      0    0    94.33   95   49   40   34     2    4   66     3    1  0.258     39    9    6
Bones        Ricky        Cin     10.19   0   1    0   9    2    2      0    0    17.66   31   22   20   11     2    2    8     0    0  0.378     50    2    1
Borland      Toby         NY       6.08   0   1    1  13    0    5      0    0    13.33   11    9    9   14     0    1    7     3    0   0.22     44    1    0
Borowski     Joe          Atl      3.75   2   2    0  20    0    8      0    0       24   27   11   10   16     4    0    6     0    0  0.287     42    2    1
Bottalico    Ricky        Phi      3.65   2   5   34  69    0   61      0    0       74   68   31   30   42     4    2   89     3    0  0.245     39    7    1
Bottenfield  Kent         Chi      3.86   2   3    2  64    0   20      0    0       84   82   39   36   35     7    2   74     2    0  0.259     39   13    4
Brantley     Jeff         Cin      3.86   1   1    1  13    0    9      0    0    11.66    9    5    5    7     1    2   16     2    0  0.205     41    2    0
Brewer       Billy        Phi      3.27   1   2    0  25    0    4      0    0       22   15    8    8   11     0    0   16     1    0  0.188     38    2    0
Brock        Chris        Atl      5.58   0   0    0   7    6    1      0    0    30.66   34   23   19   19     2    0   16     2    1  0.288     42    2    3
Brown        Kevin        Fla      2.69  16   8    0  33   33    0      2    6   237.33  214   77   71   66     7   14  205     7    1   0.24     37   10    5
Bruske       Jim          SD       3.63   4   1    0  28    0    6      0    0    44.66   37   22   18   25     1    1   32     4    0  0.228     39    4    2
Bullinger    Jim          Mon      5.56   7  12    0  36   25    4      2    2   155.33  165  106   96   74     5   12   87     7    0  0.276     40   17    8
Burba        Dave         Cin      4.73  11  10    0  30   27    1      0    2      160  157   88   84   73    10    9  131     6    0  0.255     40   22    6
Burke        John         Col      6.56   2   5    0  17    9    1      0    0       59   83   46   43   26     0    6   39     4    0  0.329     44   13    1
Burrows      Terry        SD      10.45   0   2    0  13    0    4      0    0    10.33   12   13   12    8     1    1    8     0    0  0.286     45    1    1
Busby        Mike         StL      8.79   0   2    0   3    3    0      0    0    14.33   24   14   14    4     0    0    6     0    0  0.393     42    2    1
Byrd         Paul         Atl      5.26   4   4    0  31    4    9      0    0       53   47   34   31   28     4    4   37     3    1  0.235     40    6    2
Cabrera      Jose         Hou      1.17   0   0    0  12    0    6      0    0    15.33    6    2    2    6     0    0   18     0    0  0.125     33    1    0
Candiotti    Tom          LA       3.60  10   7    0  41   18    6      0    0      135  128   60   54   40     4   11   89     4    0  0.248     38   21    3
Carlson      Dan          SF       7.63   0   0    0   6    0    2      0    0    15.33   20   14   13    8     1    0   14     0    0  0.317     42    5    0
Carrara      Giovanni     Cin      7.84   0   1    0   2    2    0      0    0    10.33   14    9    9    6     1    0    5     0    0  0.333     43    4    1
Carrasco     Hector       Cin      3.68   1   2    0  38    0   11      0    0    51.33   51   25   21   25     2    4   46     3    2   0.25     42    3    3
Casian       Larry        Chi      7.45   0   1    0  12    0    1      0    0     9.66   16    9    8    2     1    1    7     0    0  0.364     46    3    0
Castillo     Frank        Chi      5.42   6   9    0  20   19    0      0    0       98  113   64   59   44     1    4   67     1    0  0.292     41    9   11
Castillo     Frank        Col      5.42   6   3    0  14   14    0      0    0    86.33  107   57   52   25     3    4   59     2    0  0.308     40   16    6
Cather       Mike         Atl      2.39   2   4    0  35    0   10      0    0    37.66   23   12   10   19     4    2   29     0    0  0.174     37    1    2
Christiansen Jason        Pit      2.94   3   0    0  39    0    9      0    0    33.66   37   11   11   17     3    2   37     4    0  0.274     41    2    0
Clark        Mark         Chi      2.86   6   1    0   9    9    0      0    2       63   55   22   20   12     1    1   51     0    1  0.226     37    6    0
Clark        Mark         NY       4.25   8   7    0  23   22    0      0    1      142  158   74   67   47     2    3   72     4    0  0.289     39   18    9
Clontz       Brad         Atl      3.75   5   1    1  51    0   16      0    0       48   52   24   20   18     3    1   42     1    0  0.286     38    3    0
Cook         Dennis       Fla      3.90   1   2    0  59    0   12      0    0    62.33   64   28   27   28     4    2   63     0    0  0.267     39    4    1
Cooke        Steve        Pit      4.30   9  15    0  32   32    0      0    0   167.33  184   95   80   77    11    9  109     8    1  0.285     41   15   18
Cordova      Francisco    Pit      3.63  11   8    0  29   29    0      2    2   178.66  175   80   72   49     4    9  121     4    0  0.259     37   14    3
Cormier      Rheal        Mon     33.75   0   1    0   1    1    0      0    0     1.33    4    5    5    1     0    0    0     0    0    0.5     61    1    0
Crawford     Joe          NY       3.30   4   3    0  19    2    9      0    0    46.33   36   18   17   13     1    0   25     0    1  0.216     35    7    2
Creek        Doug         SF       6.75   1   2    0   3    3    0      0    0    13.33   12   12   10   14     0    0   14     0    0   0.24     43    1    0
Crowell      Jim          Cin      9.95   0   1    0   2    1    1      0    0     6.33   12    7    7    5     0    0    3     0    0  0.414     51    2    2
Cunnane      Will         SD       5.81   6   3    0  54    8   16      0    0    91.33  114   69   59   49     3    5   79     3    0  0.305     42   11    1
Daal         Omar         Mon      9.79   1   2    1  33    0    6      0    0    30.33   48   35   33   15     3    2   16     1    0  0.378     45    4    5
Darwin       Danny        SF       4.91   1   3    0  10    7    0      0    0       44   51   26   24   14     0    1   30     0    0  0.288     40    5    3
DeHart       Rick         Mon      5.52   2   1    0  23    0    7      0    0    29.33   33   21   18   14     4    0   29     2    0  0.292     40    7    1
DeJean       Mike         Col      3.99   5   0    2  56    0   16      0    0    67.66   74   34   30   24     2    3   38     2    0   0.28     39    4    3
DeLucia      Rich         SF      10.80   0   0    0   3    0    0      0    0     1.66    6    3    2    0     0    0    2     1    0    0.5     65    0    0
Dessens      Elmer        Pit      0.00   0   0    0   3    0    1      0    0     3.33    2    0    0    0     0    1    2     0    0  0.167     35    0    0
Dipoto       Jerry        Col      4.70   5   3   16  74    0   33      0    0    95.66  108   56   50   33     5    4   74     4    1  0.288     40    6    3
Dreifort     Darren       LA       2.86   5   2    4  48    0   15      0    0       63   45   21   20   34     2    1   63     3    1  0.202     38    3    5
Eckersley    Dennis       StL      3.91   1   5   36  57    0   47      0    0       53   49   24   23    8     0    2   45     2    0  0.238     37    9    2
Eischen      Joey         Cin      6.75   0   0    0   1    0    0      0    0     1.33    2    2    1    1     0    0    2     1    0  0.333     47    0    0
Embree       Alan         Atl      2.54   3   1    0  66    0   15      0    0       46   36   13   13   20     2    2   45     3    1  0.221     37    1    4
Erdos        Todd         SD       5.27   2   0    0  11    0    2      0    0    13.66   17    9    8    4     0    2   13     3    0  0.293     42    1    0
Ericks       John         Pit      1.93   1   0    6  10    0   10      0    0     9.33    7    3    2    4     0    0    6     0    0    0.2     38    1    0
Estes        Shawn        SF       3.18  19   5    0  32   32    0      2    3      201  162   80   71  100     2    8  181     9    2  0.223     38   12   13
Falteisek    Steve        Mon      3.38   0   0    0   5    0    2      0    0        8    8    4    3    3     0    1    2     0    0  0.286     38    0    0
Fernandez    Alex         Fla      3.59  17  12    0  32   32    0      1    5   220.66  193   93   88   69     2    4  183     9    0  0.238     37   25   14
Fernandez    Osvaldo      SF       4.95   3   4    0  11   11    0      0    0    56.33   74   39   31   15     2    0   31     2    1  0.314     41    9    4
Fernandez    Sid          Hou      3.60   1   0    0   1    1    0      0    0        5    4    2    2    2     0    0    3     0    0  0.211     38    1    0
Fossas       Tony         StL      3.83   2   7    0  71    0   14      0    0    51.66   62   32   22   26     3    1   41     0    0  0.298     42    7    3
Foster       Kevin        Chi      4.61  10   7    0  26   25    0      0    1   146.33  141   79   75   66     4    2  118     3    0  0.255     39   27    9
Foulke       Keith        SF       8.26   1   5    0  11    8    0      0    0    44.66   60   41   41   18     1    4   33     1    0  0.324     42    9    2
Fox          Chad         Atl      3.29   0   1    0  30    0    8      0    0    27.33   24   12   10   16     0    0   28     4    0  0.231     40    4    0
Franco       John         NY       2.55   5   3   36  59    0   53      0    0       60   49   18   17   20     2    1   53     6    0  0.226     37    3    5
Frascatore   John         StL      2.48   5   2    0  59    0   17      0    0       80   74   25   22   33     5    6   58     4    0  0.247     39    5    5
Garcia       Ramon        Hou      3.69   9   8    1  42   20    5      1    1   158.66  155   71   65   52     1    9  120     3    2  0.262     38   20   10
Gardner      Mark         SF       4.29  12   9    0  30   30    0      1    2   180.33  188   92   86   57     6    1  136     3    3  0.272     38   28   10
Glavine      Tom          Atl      2.96  14   7    0  33   33    0      2    5      240  197   86   79   79     9    4  152     3    0  0.226     36   20   11
Gomes        Wayne        Phi      5.27   5   1    0  37    0   13      0    0    42.66   45   26   25   24     0    1   24     2    0  0.274     40    4    2
Gonzalez     Jeremi       Chi      4.25  11   9    0  23   23    0      1    1      144  126   73   68   69     5    2   93     1    1  0.236     38   16    4
Gorecki      Rick         LA      15.00   1   0    0   4    1    2      0    0        6    9   10   10    6     1    0    6     0    0  0.346     48    3    0
Grace        Mike         Phi      3.46   3   2    0   6    6    0      1    1       39   32   16   15   10     1    1   26     2    0   0.23     35    3    0
Granger      Jeff         Pit     18.00   0   0    0   9    0    1      0    0        5   10   10   10    8     1    0    4     2    0  0.417     58    3    0
Graves       Danny        Cin      6.14   0   0    0  10    0    1      0    0    14.66   26   14   10   11     1    0    7     1    0  0.413     48    0    3
Green        Tyler        Phi      4.93   4   4    0  14   14    0      0    0    76.66   72   50   42   45     4    1   58     7    0  0.247     40    8    0
Greene       Tommy        Hou      7.00   0   1    0   2    2    0      0    0        9   10    7    7    5     0    0   11     0    0  0.286     40    2    0
Guthrie      Mark         LA       5.32   1   4    1  62    0   18      0    0    69.33   71   44   41   30     6    0   42     2    1  0.272     40   12   10
Hall         Darren       LA       2.30   3   2    2  63    0   20      0    0    54.66   58   15   14   26     7    0   39     0    0  0.283     38    3    1
Hamilton     Joey         SD       4.25  12   7    0  31   29    1      0    1   192.66  199  100   91   69     2   12  124     7    0  0.271     39   22    8
Hampton      Mike         Hou      3.83  15  10    0  34   34    0      2    7      223  217  105   95   77     2    2  139     6    1  0.257     38   16   11
Harkey       Mike         LA       4.30   1   0    0  10    0    5      0    0    14.66   12    8    7    5     0    0    6     0    0  0.211     38    3    0
Harnisch     Pete         NY       8.06   0   1    0   6    5    0      0    0    25.66   35   24   23   11     1    1   12     1    0  0.327     42    5    0
Harris       Reggie       Phi      5.30   1   3    0  50    0   13      0    0    54.33   55   33   32   43     1    5   45     5    1  0.263     44    1    3
Helling      Rick         Fla      4.38   2   6    0  31    8    8      0    0       76   61   38   37   48     2    4   53     0    0  0.232     38   12    2
Henriquez    Oscar        Hou      4.50   0   1    0   4    0    1      0    0        4    2    2    2    3     0    1    3     0    0  0.167     38    0    1
Henry        Doug         SF       4.71   4   5    3  75    0   25      0    0    70.66   70   45   37   41     6    1   69     3    0  0.261     40    5    4
Heredia      Felix        Fla      4.29   5   3    0  56    0   10      0    0    56.66   53   30   27   30     1    5   54     2    0  0.243     41    3    2
Hermanson    Dustin       Mon      3.69   8   8    0  32   28    0      1    1   158.33  134   68   65   66     2    1  136     4    1  0.234     37   15   10
Hernandez    Livan        Fla      3.18   9   3    0  17   17    0      0    0    96.33   81   39   34   38     1    3   72     0    0  0.229     38    5    4
Hernandez    Roberto      SF       2.48   5   2    4  28    0    7      0    0    32.66   29    9    9   14     1    0   35     1    0  0.238     38    2    1
Hitchcock    Sterling     SD       5.20  10  11    0  32   28    1      0    1      161  172  102   93   55     2    4  106     6    2  0.276     39   24    7
Hoffman      Trevor       SD       2.66   6   4   37  70    0   59      0    0    81.33   59   25   24   24     4    0  111     7    0    0.2     36    9    2
Holmes       Darren       Col      5.34   9   2    3  42    6   10      0    0    89.33  113   58   53   36     3    0   70     4    0  0.314     41   12    6
Holt         Chris        Hou      3.52   8  12    0  33   32    0      0    0   209.66  211   98   82   61     4    8   95     1    0  0.263     38   17    7
Honeycutt    Rick         StL     13.50   0   0    0   2    0    2      0    0        2    5    3    3    1     0    0    2     1    1    0.5     50    0    0
Hudek        John         Hou      5.98   1   3    4  40    0   20      0    0    40.66   38   27   27   33     2    3   36     4    0  0.252     42    8    1
Hutton       Mark         Fla      3.78   3   1    0  32    0    9      0    0    47.66   50   24   20   19     3    2   29     3    1  0.286     39    7    5
Hutton       Mark         Col      7.11   0   1    0   8    1    0      0    0    12.66   22   10   10    7     0    4   10     0    0  0.407     48    3    2
Isringhausen Jason        NY       7.58   2   2    0   6    6    0      0    0    29.66   40   27   25   22     0    1   25     3    0  0.336     44    3    1
Jackson      Danny        StL      7.71   1   2    0   4    4    0      0    0    18.66   26   17   16    8     1    2   13     0    0  0.347     42    3    1
Jackson      Danny        SD       7.53   1   7    0  13    9    0      0    0       49   72   47   41   20     2    3   19     2    0  0.353     43    8    3
Jarvis       Kevin        Cin     10.13   0   1    1   9    0    3      0    0    13.33   21   16   15    7     0    1   12     2    0  0.344     47    4    1
Johnson      Jason        Pit      6.00   0   0    0   3    0    0      0    0        6   10    4    4    1     0    0    3     0    0    0.4     41    2    0
Johnson      Mike         Mon      5.94   2   5    0  11   11    0      0    0       50   54   34   33   21     2    0   28     4    0  0.277     40    8    2
Johnstone    John         SF       3.38   0   0    0  13    0    2      0    0    18.66   15    7    7    7     0    4   15     0    0  0.234     39    1    2
Jones        Bobby        NY       3.63  15   9    0  30   30    0      1    2   193.33  177   88   78   63     3    2  125     3    1  0.242     38   24    6
Jones        Bobby M      Col      8.38   1   1    0   4    4    0      0    0    19.33   30   18   18   12     0    0    5     0    0   0.38     45    2    2
Jordan       Ricardo      NY       5.33   1   2    0  22    0    4      0    0       27   31   17   16   15     2    2   19     0    0  0.304     41    1    2
Judd         Mike         LA       0.00   0   0    0   1    0    0      0    0     2.66    4    0    0    0     0    0    4     0    0  0.364     37    0    0
Juden        Jeff         Mon      4.22  11   5    0  22   22    0      0    3      130  125   64   61   57     2    9  107     7    1  0.255     39   17    5
Karp         Ryan         Phi      5.40   1   1    0  15    1    1      0    0       15   12   12    9    9     0    2   18     1    0  0.218     40    2    1
Kashiwada    Takashi      NY       4.31   3   1    0  35    0   11      0    0    31.33   35   15   15   18     0    3   19     4    0  0.289     42    4    1
Kile         Darryl       Hou      2.57  19   7    0  34   34    0      4    6   255.66  208   87   73   94     2   10  205     7    1  0.225     37   19   17
King         Curtis       StL      2.76   4   2    0  30    0    8      0    0    29.33   38   14    9   11     0    1   13     2    0  0.325     42    0    4
Kline        Steve        Mon      6.15   1   3    0  26    0    7      0    0    26.33   31   18   18   10     3    1   20     1    0  0.307     40    4    3
Kroon        Marc         SD       7.15   0   1    0  12    0    2      0    0    11.33   14    9    9    5     0    1   12     1    0   0.28     44    2    0
Leiter       Al           Fla      4.34  11   9    0  27   27    0      0    0   151.33  133   78   73   91     4   12  132     2    0  0.241     40   13   10
Leiter       Mark         Phi      5.67  10  17    0  31   31    0      0    3   182.66  216  132  115   64     4    9  148    11    2  0.292     41   25   11
LeRoy        John         Atl      0.00   1   0    0   1    0    0      0    0        2    1    0    0    3     1    0    3     0    0  0.143     45    0    0
Leskanic     Curt         Col      5.55   4   0    2  55    0   23      0    0    58.33   59   36   36   24     0    0   53     4    0  0.271     38    8    2
Lewis        Richie       Cin      6.35   0   0    0   4    0    0      0    0     5.66    4    5    4    3     0    0    4     0    0    0.2     40    3    2
Lidle        Cory         NY       3.53   7   2    2  54    2   20      0    0    81.66   86   38   32   20     4    3   54     2    0  0.274     38    7    4
Lieber       Jon          Pit      4.49  11  14    0  33   32    0      0    1   188.33  193  102   94   51     8    1  160     3    1  0.263     38   23    6
Ligtenberg   Kerry        Atl      3.00   1   0    1  15    0    9      0    0       15   12    5    5    4     2    0   19     0    0  0.211     37    4    0
Lima         Jose         Hou      5.28   1   6    2  52    1   15      0    0       75   79   45   44   16     2    5   63     2    0  0.271     39    9    6
Loaiza       Esteban      Pit      4.13  11  11    0  33   32    0      0    1   196.33  214   99   90   56     9   12  122     2    3  0.279     39   17   10
Loiselle     Rich         Pit      3.10   1   5   29  72    0   58      0    0    72.66   76   29   25   24     3    1   66     4    0  0.269     39    7    2
Long         Joey         SD       8.18   0   0    0  10    0    4      0    0       11   17   11   10    8     1    1    8     1    0   0.34     49    1    1
Lowe         Sean         StL      9.35   0   2    0   6    4    1      0    0    17.33   27   21   18   10     0    1    8     0    0  0.365     46    2    1
Ludwick      Eric         StL      9.45   0   1    0   5    0    3      0    0     6.66   12    7    7    6     0    0    7     0    0    0.4     49    1    0
Maddux       Greg         Atl      2.20  19   4    0  33   33    0      2    5   232.66  200   58   57   20     6    6  177     0    0  0.236     35    9   11
Maduro       Calvin       Phi      7.23   3   7    0  15   13    0      0    0       71   83   59   57   41     5    3   31     6    2  0.294     42   12    1
Magnante     Mike         Hou      2.27   3   1    1  40    0   14      0    0    47.66   39   16   12   11     2    0   43     2    2  0.223     36    2    3
Manuel       Barry        NY       5.26   0   1    0  19    0    6      0    0    25.66   35   18   15   13     1    1   21     0    1  0.324     43    6    1
Martin       Tom          Hou      2.09   5   3    2  55    0   18      0    0       56   52   13   13   23     2    1   36     3    0  0.254     38    2    6
Martinez     Pedro        Mon      1.90  17   8    0  31   31    0      4   13   241.33  158   65   51   67     5    9  305     3    1  0.184     35   16    9
Martinez     Pedro A.     Cin      9.45   1   1    0   8    0    1      0    0     6.66    8    9    7    7     0    1    4     0    0  0.286     50    1    0
Martinez     Ramon        LA       3.64  10   5    0  22   22    0      0    1   133.66  123   64   54   68     1    6  120     1    1  0.243     40   14    5
Mathews      T.J.         StL      2.15   4   4    0  40    0   12      0    0       46   41   14   11   18     3    1   46     1    0  0.238     39    4    6
McCurry      Jeff         Col      4.43   1   4    0  33    0   13      0    0    40.66   43   22   20   20     0    0   19     2    0  0.277     40    7    3
McGraw       Tom          StL      0.00   0   0    0   2    0    2      0    0     1.66    2    0    0    1     0    0    0     0    0  0.333     43    0    0
McMichael    Greg         NY       2.98   7  10    7  73    0   23      0    0    87.66   73   34   29   27     6    2   81     5    0  0.233     36    8    9
Menhart      Paul         SD       4.70   2   3    0   9    8    0      0    0       44   42   23   23   13     0    0   22     4    0  0.256     37    6    2
Mercker      Kent         Cin      3.92   8  11    0  28   25    0      0    0   144.66  135   65   63   62     6    2   75     2    1   0.25     38   16    8
Miller       Kurt         Fla      9.82   0   1    0   7    0    1      0    0     7.33   12    8    8    7     0    1    7     0    0  0.364     50    2    0
Millwood     Kevin        Atl      4.03   5   3    0  12    8    2      0    0    51.33   55   26   23   21     1    2   42     1    0  0.282     40    1    3
Mimbs        Michael      Phi      7.53   0   3    0  17    1    2      0    0    28.66   31   27   24   27     1    3   29     4    0  0.272     46    6    2
Minchey      Nate         Col     13.50   0   0    0   2    0    0      0    0        2    5    3    3    1     0    0    1     0    0  0.556     54    0    2
Minor        Blas         Hou      4.50   1   0    1  11    0    5      0    0       12   13    7    6    5     0    1    6     4    0  0.277     41    1    1
Mlicki       Dave         NY       4.00   8  12    0  32   32    0      1    1   193.66  194   89   86   76     7    5  157     5    1  0.259     39   21    3
Morel        Ramon        Chi      4.91   0   0    0   3    0    3      0    0     3.66    3    2    2    3     0    0    3     0    0  0.214     42    1    0
Morel        Ramon        Pit      4.70   0   0    0   5    0    2      0    0     7.66   11    4    4    4     1    0    4     0    0  0.344     42    2    0
Morgan       Mike         Cin      4.78   9  12    0  31   30    0      0    1      162  165   91   86   49     6    8  103     7    0  0.266     38   13    9
Morris       Matt         StL      3.19  12   9    0  33   33    0      0    3      217  208   88   77   69     2    7  149     5    3  0.258     37   12   11
Mulholland   Terry        SF       5.16   0   1    0  15    2    5      0    0    29.66   28   21   17    6     1    2   25     1    0  0.248     38    4    4
Mulholland   Terry        Chi      4.07   6  12    0  25   25    0      0    1      157  162   79   71   45     2    9   74     2    0  0.271     38   20   13
Munoz        Bobby        Phi      8.91   1   5    0   8    7    1      0    0    33.33   47   35   33   15     1    2   20     3    1  0.338     43    4    2
Munoz        Mike         Col      4.53   3   3    2  64    0   16      0    0    45.66   52   25   23   13     0    0   26     3    0  0.294     38    4    0
Murray       Heath        SD       6.75   1   2    0  17    3    1      0    0    33.33   50   25   25   21     3    4   16     1    1  0.376     44    3    3
Myers        Rodney       Chi      6.00   0   0    0   5    1    2      0    0        9   12    6    6    7     1    1    6     0    0  0.333     44    1    0
Neagle       Denny        Atl      2.97  20   5    0  34   34    0      4    4   233.33  204   87   77   49     5    6  172     3    0  0.233     37   18   12
Nen          Robb         Fla      3.89   9   3   35  73    0   65      0    0       74   72   35   32   40     7    0   81     5    0   0.25     40    7    1
Nomo         Hideo        LA       4.25  14  12    0  33   33    0      0    1   207.33  193  104   98   92     2    9  233    10    4  0.243     39   23    7
Nye          Ryan         Phi      8.25   0   2    0   4    2    1      0    0       12   20   11   11    9     0    2    7     0    0  0.392     49    2    1
Ojala        Kirt         Fla      3.14   1   2    0   7    5    1      0    0    28.66   28   10   10   18     0    0   19     0    0  0.252     41    4    0
Osborne      Donovan      StL      4.93   3   7    0  14   14    0      0    0    80.33   84   46   44   23     2    1   51     1    0  0.274     38   10    3
Osuna        Antonio      LA       2.19   3   4    0  48    0   18      0    0    61.66   46   15   15   19     2    1   68     2    0  0.209     36    6    4
Painter      Lance        StL      4.76   1   1    0  14    0    4      0    0       17   13    9    9    8     2    0   11     0    0  0.213     37    1    0
Pall         Donn         Fla      3.86   0   0    0   2    0    0      0    0     2.33    3    1    1    1     0    0    0     0    0    0.3     42    1    0
Paniagua     Jose         Mon     12.00   1   2    0   9    3    0      0    0       18   29   24   24   16     1    4    8     1    0  0.372     50    2    1
Park         Chan Ho      LA       3.38  14   8    0  32   29    1      0    2      192  149   80   72   70     1    8  166     4    1  0.213     37   24    9
Patterson    Bob          Chi      3.34   1   6    0  76    0   12      0    0    59.33   47   23   22   10     1    0   58     1    0  0.222     35    9    5
Perez        Carlos       Mon      3.88  12  13    0  33   32    0      5    8   206.66  206  109   89   48     1    4  110     2    1   0.26     37   21    5
Perez        Yorkis       NY       8.31   0   1    0   9    0    1      0    0     8.66   15    8    8    4     0    0    7     1    0  0.375     47    2    0
Peters       Chris        Pit      4.58   2   2    0  31    1    5      0    0    37.33   38   23   19   21     4    3   17     4    0  0.277     40    6    5
Petkovsek    Mark         StL      5.06   4   7    2  55    2   19      0    0       96  109   61   54   31     4    6   51     2    0  0.292     39   14    2
Pisciotta    Marc         Chi      3.18   3   1    0  24    0    7      0    0    28.33   20   10   10   16     0    1   21     2    0    0.2     38    1    1
Plantenberg  Erik         Phi      4.91   0   0    0  35    0    9      0    0    25.66   25   14   14   12     0    1   12     2    0  0.255     40    1    1
Poole        Jim          SF       7.11   3   1    0  63    0   11      0    0    49.33   73   44   39   25     4    4   26     5    0  0.353     44    6    4
Portugal     Mark         Phi      4.61   0   2    0   3    3    0      0    0    13.66   17    8    7    5     0    0    2     0    0  0.321     40    0    1
Powell       Jay          Fla      3.28   7   2    2  74    0   23      0    0    79.66   71   35   29   30     3    4   65     3    0  0.242     38    3    6
Radinsky     Scott        LA       2.89   5   1    3  75    0   14      0    0    62.33   54   22   20   21     5    1   44     0    0  0.236     37    4    3
Raggio       Brady        StL      6.89   1   2    0  15    4    5      0    0    31.33   44   24   24   16     0    1   21     3    0  0.336     43    1    1
Ramos        Edgar        Phi      5.14   0   2    0   4    2    0      0    0       14   15    9    8    6     0    1    4     1    0  0.288     39    3    1
Rapp         Pat          Fla      4.47   4   6    0  19   19    0      1    1   108.66  121   59   54   51     3    3   64     5    0  0.287     40   11    4
Rapp         Pat          SF       6.00   1   2    0   8    6    0      0    0       33   37   24   22   21     1    2   28     3    0  0.294     42    5    2
Reed         Rick         NY       2.89  13   9    0  33   31    0      0    2   208.33  186   76   67   31     4    5  113     0    0  0.239     36   19    7
Reed         Steve        Col      4.04   4   6    6  63    0   23      0    0    62.33   49   28   28   27     1    5   43     0    0  0.219     38   10    3
Rekar        Bryan        Col      5.79   1   0    0   2    2    0      0    0     9.33   11    7    6    6     0    0    4     0    0  0.282     44    3    1
Remlinger    Mike         Cin      4.14   8   8    2  69   12   10      0    2      124  100   61   57   60     6    7  145    12    2  0.223     38   11    6
Reyes        Dennis       LA       3.83   2   3    0  14    5    0      0    0       47   51   21   20   18     3    1   36     2    1   0.28     40    4    5
Reynolds     Shane        Hou      4.23   9  10    0  30   30    0      0    2      181  189   92   85   47     5    3  152     5    2  0.267     38   19    9
Reynoso      Armando      NY       4.53   6   3    0  16   16    0      1    1    91.33   95   47   46   29     4    6   47     4    1  0.275     38    7    3
Rincon       Ricardo      Pit      3.45   4   8    4  62    0   23      0    0       60   51   26   23   24     6    2   71     2    3   0.23     38    5    5
Ritz         Kevin        Col      5.87   6   8    0  18   18    0      0    1   107.33  142   72   70   46     3    1   56     7    0   0.33     41   16    4
Roa          Joe          SF       5.21   2   5    0  28    3    4      0    0    65.66   86   40   38   20     5    2   34     0    1  0.333     40    8    5
Rodriguez    Felix        Cin      4.30   0   0    0  26    1   13      0    0       46   48   23   22   28     2    6   34     4    1  0.271     41    2    0
Rodriguez    Rich         SF       3.17   4   3    1  71    0   15      0    0    65.33   65   24   23   21     4    1   32     0    0  0.264     37    7    3
Rojas        Mel          Chi      4.42   0   4   13  54    0   38      0    0       59   54   30   29   30     1    5   61     2    0  0.244     40   11    2
Rojas        Mel          NY       5.13   0   2    2  23    0   12      0    0    26.33   24   17   15    6     1    2   32     1    0  0.235     38    4    0
Ruebel       Matt         Pit      6.32   3   2    0  44    0    9      0    0    62.66   77   50   44   27     3    5   50     4    0  0.302     43    8    3
Rueter       Kirk         SF       3.45  13   6    0  32   32    0      0    0   190.66  194   83   73   51     8    1  115     3    0  0.264     38   17   10
Ruffcorn     Scott        Phi      7.71   0   3    0  18    4    3      0    0    39.66   42   40   34   36     1    7   33     6    1  0.275     46    4    1
Ruffin       Bruce        Col      5.32   0   2    7  23    0   15      0    0       22   18   15   13   18     0    0   31     2    0   0.22     42    3    2
Ryan         Ken          Phi      9.58   1   0    0  22    0   10      0    0    20.66   31   23   22   13     1    2   10     0    0  0.344     47    5    1
Saunders     Tony         Fla      4.61   4   6    0  22   21    0      0    0   111.33   99   62   57   64     1    2  102     2    1  0.244     39   12    8
Schilling    Curt         Phi      2.97  17  11    0  35   35    0      2    7   254.33  208   96   84   58     3    5  319     5    1  0.224     36   25    8
Schmidt      Jason        Pit      4.60  10   9    0  32   32    0      0    2   187.66  193  106   96   76     2    9  136     8    0  0.265     40   16   10
Schourek     Pete         Cin      5.42   5   8    0  18   17    0      0    0    84.66   78   59   51   38     0    4   59     2    0  0.241     39   18    4
Scott        Tim          Col     10.13   0   0    0   3    0    0      0    0     2.66    5    3    3    2     0    0    2     0    0  0.455     47    0    1
Scott        Tim          SD       7.85   1   1    0  14    0    2      0    0    18.33   25   17   16    5     0    3   14     0    0  0.321     43    2    0
Service      Scott        Cin     11.81   0   0    0   4    0    2      0    0     5.33   11    7    7    1     0    0    3     2    0  0.458     44    1    1
Shaw         Jeff         Cin      2.38   4   2   42  78    0   62      0    0    94.66   79   26   25   12     3    1   74     1    0  0.227     35    7    3
Silva        Jose         Pit      5.94   2   1    0  11    4    0      0    0    36.33   52   26   24   16     3    1   30     0    1  0.347     43    4    4
Smiley       John         Cin      5.23   9  10    0  20   20    0      0    0      117  139   76   68   31     3    6   94     2    0  0.296     40   17    6
Smith        Lee          Mon      5.82   0   1    5  25    0   14      0    0    21.66   28   16   14    8     0    1   15     0    0  0.308     42    2    0
Smith        Pete         SD       4.81   7   6    1  37   15    7      0    0      118  120   66   63   52     2    1   68     0    3  0.267     39   16    7
Smoltz       John         Atl      3.02  15  12    0  35   35    0      2    7      256  234   97   86   63     9    1  241    10    1  0.242     37   21   10
Sodowsky     Clint        Pit      3.63   2   2    0  45    0    8      0    0       52   49   22   21   34     7    2   51     6    0  0.249     41    6    1
Spradlin     Jerry        Phi      4.74   4   8    1  76    0   23      0    0    81.66   86   45   43   27     3    1   67     5    2  0.274     38    9    1
Springer     Russ         Hou      4.23   3   3    3  54    0   13      0    0    55.33   48   28   26   27     2    4   74     4    0  0.232     39    4    1
Stanifer     Robby        Fla      4.60   1   2    1  36    0   10      0    0       45   43   23   23   16     0    3   28     1    0  0.261     38    9    4
Stephenson   Garrett      Phi      3.15   8   6    0  20   18    0      0    2      117  104   45   41   38     0    3   81     1    0  0.244     36   11    2
Stevens      Dave         Chi      9.64   0   2    0  10    0    0      0    0     9.33   13   11   10    9     0    1   13     0    1  0.333     48    0    0
Stottlemyre  Todd         StL      3.88  12   9    0  28   28    0      0    0      181  155   86   78   65     3   12  160     6    0  0.231     38   16    8
Stull        Everett      Mon     16.20   0   1    0   3    0    1      0    0     3.33    7    7    6    4     0    0    2     0    0  0.438     57    1    1
Sullivan     Scott        Cin      3.24   5   3    1  59    0   15      0    0    97.33   79   36   35   30     8    7   96     7    1   0.22     37   12    3
Swartzbaugh  Dave         Chi      9.00   0   1    0   2    2    0      0    0        8   12    8    8    7     0    1    4     0    0  0.364     47    1    0
Swift        Bill         Col      6.34   4   6    0  14   13    1      0    0    65.33   85   57   46   26     0    2   29     2    2  0.318     42   11    4
Tabaka       Jeff         Cin      4.50   0   0    0   3    0    1      0    0        2    1    1    1    1     0    2    1     0    0  0.143     45    1    0
Tapani       Kevin        Chi      3.39   9   3    0  13   13    0      1    1       85   77   33   32   23     2    2   55     0    2  0.242     37    7    7
Tatis        Ramon        Chi      5.34   1   1    0  56    0   12      0    0    55.66   66   36   33   29     6    3   33     4    2  0.308     41   13    6
Tavarez      Julian       SF       3.87   6   4    0  89    0   13      0    0    88.33   91   43   38   34     5    4   38     4    0  0.277     39    6    3
Telemaco     Amaury       Chi      6.16   0   3    0  10    5    2      0    0       38   47   26   26   11     0    0   29     1    0  0.303     40    4    2
Telford      Anthony      Mon      3.24   4   6    1  65    0   17      0    0       89   77   34   32   33     4    5   61     6    0  0.236     37   11    4
Thompson     Mark         Col      7.89   3   3    0   6    6    0      0    0    29.66   40   27   26   13     0    4    9     0    1  0.323     44    8    3
Thomson      John         Col      4.71   7   9    0  27   27    0      1    2   166.33  193   94   87   51     0    5  106     2    0  0.296     39   15   10
Thurman      Mike         Mon      5.40   1   0    0   5    2    1      0    0    11.66    8    9    7    4     0    1    8     0    0  0.186     37    3    0
Tomko        Brett        Cin      3.43  11   7    0  22   19    1      0    0      126  106   50   48   47     4    4   95     5    0  0.234     37   14    5
Torres       Salomon      Mon      7.25   0   0    0  12    0    3      0    0    22.33   25   19   18   12     0    2   11     3    0  0.284     43    2    3
Trachsel     Steve        Chi      4.51   8  12    0  34   34    0      0    0   201.33  225  110  101   69     6    5  160     4    1  0.287     39   32    8
Trlicek      Ricky        NY       8.00   0   0    0   9    0    4      0    0        9   10    9    8    5     0    0    4     2    0  0.303     39    2    1
Urbina       Ugueth       Mon      3.78   5   8   27  63    0   50      0    0    64.33   52   29   27   29     2    1   84     2    0  0.215     39    9    3
Valdes       Ismael       LA       2.65  10  11    0  30   30    0      0    0   196.66  171   68   58   47     1    3  140     3    2  0.234     36   16   11
Valdes       Marc         Mon      3.13   4   4    2  48    7    9      0    0       95   84   36   33   39     5    8   54     2    0   0.24     39    2    5
Valenzuela   Fernando     StL      5.56   0   4    0   5    5    0      0    0    22.66   22   19   14   14     0    1   10     2    0  0.253     42    2    4
Valenzuela   Fernando     SD       4.75   2   8    0  13   13    0      0    1    66.33   84   42   35   32     0    4   51     2    0  0.309     42   10    3
VanLandinghamWilliam      SF       4.96   4   7    0  18   17    1      0    0       89   80   56   49   59     3    0   52     9    2  0.237     41   11    0
Veras        Dario        SD       5.11   2   1    0  23    0    7      0    0    24.66   28   18   14   12     3    2   21     0    0   0.28     42    5    0
Veres        Dave         Mon      3.48   2   3    1  53    0   11      0    0       62   68   28   24   27     3    2   47     7    0  0.278     41    5    6
Vosberg      Ed           Fla      3.75   1   1    1  17    0    6      0    0       12   15    7    5    6     0    3    8     1    1  0.313     44    0    1
Wade         Terrell      Atl      5.36   2   3    0  12    9    1      0    0       42   60   31   25   16     1    2   35     1    0  0.349     42    6    2
Wagner       Billy        Hou      2.85   7   8   23  62    0   49      0    0    66.33   49   23   21   30     1    3  106     3    0  0.204     38    5    3
Wagner       Paul         Pit      3.94   0   0    0  14    0    2      0    0       16   17    7    7   13     3    0    9     3    2  0.279     44    3    3
Wainhouse    David        Pit      8.04   0   1    0  25    0    6      0    0       28   34   28   25   17     0    3   21     1    1  0.301     44    2    3
Wall         Donne        Hou      6.26   2   5    0   8    8    0      0    0    41.66   53   31   29   16     0    2   25     2    1  0.317     40    8    0
Wallace      Jeff         Pit      0.75   0   0    0  11    0    1      0    0       12    8    2    1    8     1    0   14     1    0    0.2     38    0    1
Wendell      Turk         NY       4.96   0   0    1  13    0    3      0    0    16.33   15   10    9   14     1    1   10     0    0   0.25     42    3    1
Wendell      Turk         Chi      4.20   3   5    4  52    0   18      0    0       60   53   32   28   39     5    1   54     4    0  0.238     40    4    3
Whisenant    Matt         Fla     16.88   0   0    0   4    0    2      0    0     2.66    4    6    5    6     0    0    4     0    0  0.333     64    0    1
White        Gabe         Cin      4.39   2   2    1  12    6    2      0    0       41   39   20   20    8     1    1   25     0    0  0.253     37    6    3
Wilkins      Marc         Pit      3.69   9   5    2  70    0   21      0    0    75.66   65   33   31   33     2    4   47     5    0  0.242     37    7    4
Winchester   Scott        Cin      6.00   0   0    0   5    0    4      0    0        6    9    5    4    2     0    1    3     0    0   0.36     45    1    2
Winston      Darrin       Phi      5.25   2   0    0   7    1    1      0    0       12    8    8    7    3     1    2    8     0    0  0.178     38    4    0
Wohlers      Mark         Atl      3.50   5   7   33  71    0   55      0    0    69.33   57   29   27   38     0    0   92     6    0  0.224     39    4    4
Worrell      Tim          SD       5.16   4   8    3  60   10   14      0    0   106.33  116   67   61   50     2    7   81     2    1   0.28     41   14    6
Worrell      Todd         LA       5.28   2   6   35  65    0   55      0    0    59.66   60   38   35   23     1    0   61     1    0   0.25     40   12    2
Wright       Jamey        Col      6.25   8  12    0  26   26    0      0    1   149.66  198  113  104   71     3   11   59     6    2  0.327     42   19    8
</Pre></tt>
<hr size="4">

<p><a href="http://www.baseball1.com">Return to Sean Lahman's
Baseball Archive</a> <br>
Please send any comments or suggestions to me at <a
href="mailto:todd@baseball1.com">todd@baseball1.com</a> <br>
Last modified: 11:48 PM 10/15/97</p>
</body>
</html>

